TextAsset Base
	string m_Name = "data_BattlePass_BattlePassLevelReward"
	string m_Script = "local table= {
[1] = {
  ["AdvancedLevelReward"]= {
    10264,
    10086,
    10903016,
    10092,
    10093,
    10207,
    10202,
    10211,
    10215,
    10087,
    10207,
    10204,
    10062,
    10071,
    10080,
    10207,
    10206,
    10062,
    10089,
    10087,
    10207,
    10062,
    10208,
    10228,
    10265,
    10207,
    10202,
    10204,
    10903017,
    10087,
    10207,
    10204,
    10093,
    10071,
    10210,
    10207,
    10206,
    10086,
    10229,
    10087,
    10207,
    10208,
    10214,
    10071,
    10211,
    10207,
    10202,
    10208,
    10233,
    10087,
    10207,
    10204,
    10091,
    10071,
    10093,
    10207,
    10206,
    10092,
    10233,
    10080,
    10207,
    10208,
    10204,
    10901004,
    10086,
    10207,
    10204,
    10092,
    10215,
    10232,
    10207,
    10202,
    10208,
    10215,
    10087,
    10207,
    10091,
    10092,
    10901006,
    10266
  },
  ["NormalLevelReward"]= {
    10210,
    10062,
    10086,
    10089,
    10086,
    10207,
    10071,
    10086,
    10901002,
    10214,
    10062,
    10093,
    10206,
    10202,
    10086,
    10208,
    10901001,
    10086,
    10901002,
    10211,
    10202,
    10207,
    10204,
    10901001,
    10086,
    10207,
    10901002,
    10086,
    10903018,
    10080,
    10071,
    10210,
    10206,
    10901008,
    10086,
    10208,
    10071,
    10086,
    10230,
    10080,
    10202,
    10215,
    10204,
    10901015,
    10086,
    10207,
    10901008,
    10086,
    10233,
    10093,
    10071,
    10207,
    10206,
    10901018,
    10086,
    10208,
    10901017,
    10086,
    10901016,
    10088,
    10202,
    10215,
    10204,
    10089,
    10086,
    10207,
    10233,
    10086,
    10089,
    10231,
    10071,
    10208,
    10206,
    10071,
    10086,
    10208,
    10901009,
    10086,
    10210,
    10212
  },
  ["UltRewardAvatar"]= {
    2405012,
    4101187,
    4107011
  }
},
[2] = {
  ["AdvancedLevelReward"]= {
    10268,
    10086,
    10903016,
    10092,
    10093,
    10207,
    10202,
    10211,
    10215,
    10087,
    10207,
    10204,
    10062,
    10095,
    10080,
    10207,
    10206,
    10062,
    10095,
    10087,
    10207,
    10062,
    10208,
    10228,
    10269,
    10207,
    10202,
    10204,
    10903017,
    10087,
    10207,
    10204,
    10093,
    10095,
    10210,
    10207,
    10206,
    10086,
    10229,
    10087,
    10207,
    10208,
    10214,
    10095,
    10211,
    10207,
    10202,
    10208,
    10233,
    10087,
    10207,
    10204,
    10091,
    10095,
    10093,
    10207,
    10206,
    10092,
    10233,
    10080,
    10207,
    10208,
    10204,
    10901004,
    10086,
    10207,
    10204,
    10092,
    10215,
    10232,
    10087,
    10202,
    10207,
    10215,
    10267,
    10207,
    10208,
    10091,
    10092,
    10901006
  },
  ["Month"]= 2,
  ["NormalLevelReward"]= {
    10210,
    10062,
    10086,
    10095,
    10086,
    10207,
    10071,
    10086,
    10901002,
    10214,
    10062,
    10093,
    10206,
    10202,
    10086,
    10208,
    10901001,
    10086,
    10901002,
    10211,
    10202,
    10207,
    10204,
    10901001,
    10086,
    10207,
    10901002,
    10086,
    10903018,
    10080,
    10095,
    10210,
    10206,
    10901008,
    10086,
    10208,
    10095,
    10086,
    10230,
    10080,
    10202,
    10215,
    10204,
    10901015,
    10086,
    10207,
    10901008,
    10086,
    10233,
    10093,
    10071,
    10207,
    10206,
    10901018,
    10086,
    10208,
    10901017,
    10086,
    10901016,
    10088,
    10202,
    10215,
    10204,
    10095,
    10086,
    10207,
    10233,
    10086,
    10208,
    10231,
    10086,
    10210,
    10206,
    10095,
    10212,
    10086,
    10208,
    10089,
    10071,
    10901009
  },
  ["UltRewardAvatar"]= {
    2405027,
    4101203,
    4107020
  }
},
[3] = {
  ["AdvancedLevelReward"]= {
    10270,
    10086,
    10903016,
    10092,
    10093,
    10207,
    10202,
    10211,
    10215,
    10087,
    10207,
    10204,
    10062,
    10071,
    10080,
    10207,
    10206,
    10062,
    10095,
    10087,
    10207,
    10062,
    10208,
    10228,
    10087,
    10207,
    10202,
    10204,
    10903017,
    10087,
    10207,
    10204,
    10093,
    10095,
    10210,
    10207,
    10206,
    10086,
    10229,
    10271,
    10207,
    10208,
    10214,
    10095,
    10211,
    10207,
    10202,
    10208,
    10233,
    10087,
    10207,
    10204,
    10091,
    10095,
    10093,
    10207,
    10206,
    10095,
    10233,
    10080,
    10207,
    10208,
    10204,
    10901004,
    10086,
    10232,
    10204,
    10092,
    10215,
    10272,
    10207,
    10202,
    10208,
    10215,
    10087,
    10207,
    10091,
    10095,
    10901006,
    10096
  },
  ["Month"]= 3,
  ["NormalLevelReward"]= {
    10210,
    10062,
    10086,
    10095,
    10086,
    10207,
    10071,
    10086,
    10901002,
    10214,
    10062,
    10093,
    10206,
    10202,
    10086,
    10208,
    10901001,
    10086,
    10901002,
    10211,
    10202,
    10207,
    10204,
    10901001,
    10086,
    10207,
    10901002,
    10086,
    10903018,
    10080,
    10071,
    10210,
    10206,
    10901008,
    10086,
    10208,
    10071,
    10086,
    10230,
    10080,
    10202,
    10215,
    10204,
    10901015,
    10086,
    10207,
    10901008,
    10086,
    10233,
    10093,
    10095,
    10207,
    10206,
    10901018,
    10086,
    10208,
    10901017,
    10086,
    10901016,
    10088,
    10202,
    10215,
    10204,
    10095,
    10086,
    10231,
    10233,
    10086,
    10208,
    10207,
    10071,
    10208,
    10206,
    10095,
    10086,
    10208,
    10901009,
    10086,
    10210,
    10212
  },
  ["UltRewardAvatar"]= {
    4101213,
    2405037,
    4107026
  },
  ["UltRewardMount"]= 80056,
  ["UltRewardMountAction"]= "Idle_Mount80056_M",
  ["UltRewardMountActionW"]= "Idle_Mount80056_W",
  ["UltRewardYCoordinate"]= 2,
  ["UltRewardZCoordinate"]= 0.53
},
[4] = {
  ["AdvancedLevelReward"]= {
    10273,
    10086,
    10903016,
    10092,
    10093,
    10207,
    10202,
    10211,
    10215,
    10087,
    10207,
    10204,
    10062,
    10071,
    10080,
    10207,
    10206,
    10062,
    10095,
    10087,
    10207,
    10062,
    10208,
    10228,
    10087,
    10207,
    10202,
    10204,
    10903017,
    10087,
    10207,
    10204,
    10093,
    10095,
    10210,
    10207,
    10206,
    10086,
    10229,
    10274,
    10207,
    10208,
    10214,
    10095,
    10211,
    10207,
    10202,
    10208,
    10233,
    10087,
    10207,
    10093,
    10091,
    10095,
    10093,
    10207,
    10206,
    10095,
    10233,
    10080,
    10207,
    10208,
    10204,
    10901004,
    10086,
    10232,
    10204,
    10092,
    10215,
    10276,
    10207,
    10202,
    10208,
    10215,
    10087,
    10207,
    10091,
    10095,
    10901006,
    10277
  },
  ["Month"]= 4,
  ["UltRewardAvatar"]= {
    4101219,
    2405032,
    4107024
  },
  ["UltRewardMount"]= 80051,
  ["UltRewardMountAction"]= "Idle_Mount80005",
  ["UltRewardMountActionW"]= "Idle_Mount80005",
  ["UltRewardYCoordinate"]= 2,
  ["UltRewardZCoordinate"]= 0.53
},
[5] = {
  ["AdvancedLevelReward"]= {
    10285,
    10086,
    10903016,
    10092,
    10093,
    10207,
    10202,
    10211,
    10215,
    10087,
    10207,
    10204,
    10062,
    10071,
    10080,
    10207,
    10206,
    10062,
    10095,
    10087,
    10207,
    10062,
    10208,
    10228,
    10087,
    10207,
    10202,
    10204,
    10903017,
    10087,
    10207,
    10204,
    10093,
    10095,
    10210,
    10207,
    10206,
    10086,
    10229,
    10286,
    10207,
    10208,
    10214,
    10095,
    10211,
    10207,
    10202,
    10208,
    10233,
    10087,
    10207,
    10093,
    10091,
    10095,
    10093,
    10207,
    10206,
    10095,
    10233,
    10080,
    10207,
    10208,
    10204,
    10901004,
    10086,
    10232,
    10204,
    10092,
    10215,
    10095,
    10207,
    10202,
    10208,
    10215,
    10087,
    10207,
    10091,
    10095,
    10901006,
    10287
  },
  ["Month"]= 5,
  ["UltRewardAvatar"]= {
    4101216,
    2405036
  },
  ["UltRewardMount"]= 80052,
  ["UltRewardMountAction"]= "Idle_Mount80046_M",
  ["UltRewardMountActionW"]= "Idle_Mount80046_W",
  ["UltRewardYCoordinate"]= 2.9,
  ["UltRewardZCoordinate"]= 1.7
},
[6] = {
  ["IsSpecialAvatarAction"]= 1,
  ["Month"]= 6,
  ["NormalLevelReward"]= {
    10210,
    10062,
    10086,
    10095,
    10086,
    10207,
    10071,
    10086,
    10901002,
    10214,
    10062,
    10093,
    10206,
    10202,
    10086,
    10208,
    10901001,
    10086,
    10901002,
    10211,
    10202,
    10207,
    10204,
    10901001,
    10086,
    10207,
    10901002,
    10086,
    10903018,
    10080,
    10071,
    10210,
    10206,
    10901008,
    10086,
    10208,
    10071,
    10086,
    10230,
    20203,
    10202,
    10215,
    10204,
    10901015,
    10086,
    10207,
    10901008,
    10086,
    10233,
    10080,
    10095,
    10207,
    10206,
    10901018,
    10086,
    10208,
    10901017,
    10086,
    10901016,
    10088,
    10202,
    10215,
    10204,
    10095,
    10086,
    10231,
    10233,
    10086,
    10208,
    10093,
    10207,
    10208,
    10206,
    10095,
    10086,
    10208,
    10901009,
    10086,
    10210,
    10212
  },
  ["UltRewardMount"]= 80062,
  ["UltRewardMountAction"]= "Idle_Mount80062_M",
  ["UltRewardMountActionW"]= "Idle_Mount80062_W"
},
[7] = {
  ["AdvancedLevelReward"]= {
    10220,
    10208,
    10062,
    0,
    10209,
    10071,
    0,
    10211,
    0,
    10209,
    0,
    10062,
    0,
    10208,
    10077,
    0,
    0,
    10062,
    0,
    10209,
    0,
    10071,
    0,
    0,
    10210,
    0,
    0,
    10062,
    0,
    10209,
    10208,
    10071,
    0,
    0,
    10076,
    0,
    0,
    10062,
    0,
    10209,
    10208,
    0,
    10071,
    0,
    10211,
    0,
    0,
    10071,
    10208,
    10209,
    0,
    10069,
    0,
    0,
    10213,
    0,
    0,
    10071,
    0,
    10209,
    0,
    10062,
    0,
    0,
    10209,
    0,
    0,
    10070,
    0,
    10212,
    0,
    10062,
    0,
    0,
    10209,
    10208,
    0,
    10062,
    0,
    10064
  },
  ["Month"]= 7,
  ["NormalLevelReward"]= {
    10219,
    10204,
    10201,
    10062,
    10215,
    0,
    10206,
    0,
    10208,
    10214,
    10215,
    0,
    10202,
    0,
    10204,
    0,
    10208,
    0,
    10062,
    10211,
    10205,
    0,
    10215,
    0,
    10207,
    0,
    10208,
    0,
    10062,
    10065,
    0,
    0,
    10215,
    0,
    10205,
    0,
    10206,
    0,
    10071,
    10210,
    0,
    10215,
    0,
    10062,
    10204,
    0,
    10208,
    0,
    0,
    10212,
    10071,
    0,
    10215,
    0,
    10205,
    0,
    10206,
    0,
    10208,
    10210,
    10071,
    0,
    10202,
    0,
    10207,
    0,
    10208,
    0,
    10062,
    10067,
    10208,
    0,
    10215,
    0,
    10205,
    0,
    10208,
    0,
    10071,
    10066
  },
  ["UltRewardAvatar"]= {
    4101180,
    2405007,
    4103020
  },
  ["UltRewardMount"]= 80027,
  ["UltRewardMountAction"]= "Idle_Mount80027",
  ["UltRewardMountActionW"]= "Idle_Mount80027",
  ["UltRewardPart2"]= 827020101
},
[8] = {
  ["AdvancedLevelReward"]= {
    10220,
    10208,
    10062,
    0,
    10209,
    10071,
    0,
    10211,
    0,
    10209,
    0,
    10062,
    0,
    10208,
    10077,
    0,
    0,
    10062,
    0,
    10209,
    0,
    10071,
    0,
    0,
    10210,
    0,
    0,
    10062,
    0,
    10209,
    10208,
    10071,
    0,
    0,
    10076,
    0,
    0,
    10062,
    0,
    10209,
    10208,
    0,
    10071,
    0,
    10211,
    0,
    0,
    10071,
    10208,
    10209,
    0,
    10069,
    0,
    0,
    10213,
    0,
    0,
    10071,
    0,
    10209,
    0,
    10062,
    0,
    0,
    10209,
    0,
    0,
    10070,
    0,
    10212,
    0,
    10062,
    0,
    0,
    10209,
    10208,
    0,
    10062,
    0,
    10064
  },
  ["Month"]= 8,
  ["NormalLevelReward"]= {
    10219,
    10204,
    10201,
    10062,
    10215,
    0,
    10206,
    0,
    10208,
    10214,
    10215,
    0,
    10202,
    0,
    10204,
    0,
    10208,
    0,
    10062,
    10211,
    10205,
    0,
    10215,
    0,
    10207,
    0,
    10208,
    0,
    10062,
    10065,
    0,
    0,
    10215,
    0,
    10205,
    0,
    10206,
    0,
    10071,
    10210,
    0,
    10215,
    0,
    10062,
    10204,
    0,
    10208,
    0,
    0,
    10212,
    10071,
    0,
    10215,
    0,
    10205,
    0,
    10206,
    0,
    10208,
    10210,
    10071,
    0,
    10202,
    0,
    10207,
    0,
    10208,
    0,
    10062,
    10067,
    10208,
    0,
    10215,
    0,
    10205,
    0,
    10208,
    0,
    10071,
    10066
  },
  ["UltRewardAvatar"]= {
    4101180,
    2405007,
    4103020
  },
  ["UltRewardMount"]= 80027,
  ["UltRewardMountAction"]= "Idle_Mount80027",
  ["UltRewardMountActionW"]= "Idle_Mount80027",
  ["UltRewardPart2"]= 827020101
},
[9] = {
  ["AdvancedLevelReward"]= {
    31009,
    10086,
    10091,
    10092,
    10093,
    10207,
    10202,
    10211,
    10089,
    10087,
    10207,
    10204,
    10062,
    10071,
    10080,
    10207,
    10206,
    10062,
    10089,
    10087,
    10207,
    10062,
    10208,
    10071,
    10210,
    10207,
    10202,
    10204,
    10089,
    10087,
    10207,
    10204,
    10093,
    10071,
    31008,
    10207,
    10206,
    10086,
    10089,
    10087,
    10207,
    10208,
    10091,
    10071,
    10211,
    10207,
    10202,
    10208,
    10089,
    10087,
    10207,
    10204,
    10091,
    10071,
    10093,
    10207,
    10206,
    10092,
    10089,
    10080,
    10207,
    10208,
    10204,
    10071,
    10086,
    10207,
    10204,
    10092,
    10089,
    31010,
    10207,
    10202,
    10208,
    10071,
    10087,
    10207,
    10091,
    10092,
    10089,
    10018
  },
  ["Month"]= 9,
  ["NormalLevelReward"]= {
    10210,
    10062,
    10086,
    10089,
    10086,
    10207,
    10071,
    10086,
    10903004,
    10214,
    10062,
    10093,
    10206,
    10202,
    10086,
    10208,
    0,
    10086,
    0,
    10211,
    10202,
    10207,
    10204,
    0,
    10086,
    10207,
    0,
    10086,
    10903009,
    10080,
    10071,
    10210,
    10206,
    0,
    10086,
    10208,
    0,
    10086,
    0,
    10080,
    10202,
    10214,
    10204,
    0,
    10086,
    10207,
    0,
    10086,
    10903012,
    10093,
    10071,
    10207,
    10206,
    0,
    10086,
    10208,
    0,
    10086,
    0,
    10088,
    10202,
    0,
    10204,
    0,
    10086,
    10207,
    0,
    10086,
    0,
    10080,
    10071,
    0,
    10206,
    0,
    10086,
    10208,
    0,
    10086,
    10210,
    10212
  },
  ["UltRewardAvatar"]= {
    4101182,
    2405009,
    4107009
  },
  ["UltRewardMount"]= 80004,
  ["UltRewardMountAction"]= "Idle_Mount80004",
  ["UltRewardMountActionW"]= "Idle_Mount80004"
},
[10] = {
  ["AdvancedLevelReward"]= {
    10282,
    10086,
    10903016,
    10092,
    10093,
    10207,
    10202,
    10211,
    10089,
    10087,
    10207,
    10204,
    10062,
    10071,
    10080,
    10207,
    10206,
    10062,
    10089,
    10087,
    10207,
    10062,
    10208,
    10071,
    10210,
    10207,
    10202,
    10204,
    10903017,
    10087,
    10207,
    10204,
    10093,
    10071,
    10284,
    10207,
    10206,
    10086,
    10089,
    10087,
    10207,
    10208,
    10091,
    10071,
    10211,
    10207,
    10202,
    10208,
    10089,
    10087,
    10207,
    10204,
    10091,
    10071,
    10093,
    10207,
    10206,
    10092,
    10089,
    10080,
    10207,
    10208,
    10204,
    10901004,
    10086,
    10207,
    10204,
    10092,
    10089,
    10283,
    10207,
    10202,
    10208,
    10071,
    10087,
    10207,
    10091,
    10092,
    10901006,
    10281
  },
  ["Month"]= 10,
  ["NormalLevelReward"]= {
    10210,
    10062,
    10086,
    10089,
    10086,
    10207,
    10071,
    10086,
    10901002,
    10214,
    10062,
    10093,
    10206,
    10202,
    10086,
    10208,
    10901001,
    10086,
    10901002,
    10211,
    10202,
    10207,
    10204,
    10901001,
    10086,
    10207,
    10901002,
    10086,
    10903018,
    10080,
    10071,
    10210,
    10206,
    10901008,
    10086,
    10208,
    10071,
    10086,
    10089,
    10080,
    10202,
    10214,
    10204,
    10901015,
    10086,
    10207,
    10901008,
    10086,
    10089,
    10093,
    10071,
    10207,
    10206,
    10901018,
    10086,
    10208,
    10901017,
    10086,
    10901016,
    10088,
    10202,
    0,
    10204,
    0,
    10086,
    10207,
    0,
    10086,
    0,
    10080,
    10071,
    0,
    10206,
    0,
    10086,
    10208,
    10901009,
    10086,
    10210,
    10212
  },
  ["UltRewardAvatar"]= {
    2405001,
    4101173,
    4102041,
    4107001
  }
},
[11] = {
  ["AdvancedLevelReward"]= {
    10258,
    10086,
    10903016,
    10092,
    10093,
    10207,
    10202,
    10211,
    10089,
    10087,
    10207,
    10204,
    10062,
    10071,
    10080,
    10207,
    10206,
    10062,
    10089,
    10087,
    10207,
    10062,
    10208,
    10071,
    10210,
    10207,
    10202,
    10204,
    10903017,
    10087,
    10207,
    10204,
    10093,
    10071,
    10257,
    10207,
    10206,
    10086,
    10089,
    10087,
    10207,
    10208,
    10091,
    10071,
    10211,
    10207,
    10202,
    10208,
    10089,
    10087,
    10207,
    10204,
    10091,
    10071,
    10259,
    10207,
    10206,
    10092,
    10089,
    10080,
    10207,
    10208,
    10204,
    10901004,
    10086,
    10207,
    10204,
    10092,
    10089,
    10260,
    10207,
    10202,
    10208,
    10071,
    10087,
    10207,
    10091,
    10092,
    10901006,
    10064
  },
  ["Month"]= 11,
  ["NormalLevelReward"]= {
    10210,
    10062,
    10086,
    10089,
    10086,
    10207,
    10071,
    10086,
    10901002,
    10214,
    10062,
    10093,
    10206,
    10202,
    10086,
    10208,
    10901001,
    10086,
    10901002,
    10211,
    10202,
    10207,
    10204,
    10901001,
    10086,
    10207,
    10901002,
    10086,
    10903018,
    10080,
    10071,
    10210,
    10206,
    10901008,
    10086,
    10208,
    10071,
    10086,
    10089,
    10080,
    10202,
    10214,
    10204,
    10901015,
    10086,
    10207,
    10901008,
    10086,
    10089,
    10093,
    10071,
    10207,
    10206,
    10901018,
    10086,
    10208,
    10901017,
    10086,
    10901016,
    10088,
    10202,
    0,
    10204,
    0,
    10086,
    10207,
    0,
    10086,
    0,
    10080,
    10071,
    0,
    10206,
    0,
    10086,
    10208,
    10901009,
    10086,
    10210,
    10212
  },
  ["UltRewardAvatar"]= {
    4101174,
    2405002,
    4108001,
    4107002
  },
  ["UltRewardMount"]= 80027,
  ["UltRewardMountAction"]= "Idle_Mount80027",
  ["UltRewardMountActionW"]= "Idle_Mount80027",
  ["UltRewardPart2"]= 827020101
},
[12] = {
  ["AdvancedLevelReward"]= {
    10262,
    10086,
    10903016,
    10092,
    10093,
    10207,
    10202,
    10211,
    10089,
    10087,
    10207,
    10204,
    10062,
    10071,
    10080,
    10207,
    10206,
    10062,
    10089,
    10087,
    10207,
    10062,
    10208,
    10071,
    10210,
    10207,
    10202,
    10204,
    10903017,
    10087,
    10207,
    10204,
    10093,
    10071,
    10261,
    10207,
    10206,
    10086,
    10089,
    10087,
    10207,
    10208,
    10091,
    10071,
    10211,
    10207,
    10202,
    10208,
    10089,
    10087,
    10207,
    10204,
    10091,
    10071,
    10093,
    10207,
    10206,
    10092,
    10089,
    10080,
    10207,
    10208,
    10204,
    10901004,
    10086,
    10207,
    10204,
    10092,
    10089,
    10075,
    10207,
    10202,
    10208,
    10071,
    10087,
    10207,
    10091,
    10092,
    10901006,
    10263
  },
  ["Month"]= 12,
  ["NormalLevelReward"]= {
    10210,
    10062,
    10086,
    10089,
    10086,
    10207,
    10071,
    10086,
    10901002,
    10214,
    10062,
    10093,
    10206,
    10202,
    10086,
    10208,
    10901001,
    10086,
    10901002,
    10211,
    10202,
    10207,
    10204,
    10901001,
    10086,
    10207,
    10901002,
    10086,
    10903018,
    10080,
    10071,
    10210,
    10206,
    10901008,
    10086,
    10208,
    10071,
    10086,
    10089,
    10080,
    10202,
    10214,
    10204,
    10901015,
    10086,
    10207,
    10901008,
    10086,
    10089,
    10093,
    10071,
    10207,
    10206,
    10901018,
    10086,
    10208,
    10901017,
    10086,
    10901016,
    10088,
    10202,
    0,
    10204,
    0,
    10086,
    10207,
    0,
    10086,
    0,
    10074,
    10071,
    0,
    10206,
    0,
    10086,
    10208,
    10901009,
    10086,
    10210,
    10212
  },
  ["UltRewardAvatar"]= {
    2405011,
    4101186,
    4107010
  }
},
[13] = {
  ["IsSpecialAvatarAction"]= 1,
  ["Month"]= 13,
  ["NormalLevelReward"]= {
    10210,
    10062,
    10086,
    10095,
    10086,
    10207,
    10071,
    10086,
    10901002,
    10214,
    10062,
    10093,
    10206,
    10202,
    10086,
    10208,
    10901001,
    10086,
    10901002,
    10211,
    10202,
    10207,
    10204,
    10901001,
    10086,
    10207,
    10901002,
    10086,
    10903018,
    10080,
    10071,
    10210,
    10206,
    10901008,
    10086,
    10208,
    10071,
    10086,
    10230,
    20203,
    10202,
    10215,
    10204,
    10901015,
    10086,
    10207,
    10901008,
    10086,
    10233,
    10080,
    10095,
    10207,
    10206,
    10901018,
    10086,
    10208,
    10901017,
    10086,
    10901016,
    10088,
    10202,
    10215,
    10204,
    10095,
    10086,
    10231,
    10233,
    10086,
    10208,
    10093,
    10207,
    10208,
    10206,
    10095,
    10086,
    10208,
    10901009,
    10086,
    10210,
    10212
  },
  ["UltRewardMount"]= 80062,
  ["UltRewardMountAction"]= "Idle_Mount80062_M",
  ["UltRewardMountActionW"]= "Idle_Mount80062_W"
}
}
local baseTable={
  ["AdvancedLevelReward"]= {
    20201,
    10086,
    10903016,
    10092,
    10093,
    10207,
    10202,
    10211,
    10215,
    10087,
    10207,
    10204,
    10062,
    10071,
    10080,
    10207,
    10206,
    10062,
    10095,
    10087,
    10207,
    10062,
    10208,
    10228,
    10087,
    10207,
    10202,
    10204,
    10903017,
    10087,
    10207,
    10204,
    10093,
    10095,
    10210,
    10207,
    10206,
    10086,
    10229,
    20202,
    10207,
    10208,
    10214,
    10095,
    10211,
    10207,
    10202,
    10208,
    10233,
    10087,
    10207,
    10093,
    10091,
    10095,
    10093,
    10207,
    10206,
    10095,
    10233,
    10080,
    10207,
    10208,
    10204,
    10901004,
    10086,
    10232,
    10204,
    10092,
    10215,
    20204,
    10207,
    10202,
    10208,
    10215,
    10087,
    10207,
    10091,
    10095,
    10901006,
    20205
  },
  ["AdvancedReward"]= 0,
  ["GiftPackageLevel"]= 25,
  ["GiftPackageReward"]= 0,
  ["IsSpecialAvatarAction"]= 0,
  ["Month"]= 1,
  ["monthlyQuestDropId"]= 10210,
  ["NormalLevelReward"]= {
    10210,
    10062,
    10086,
    10095,
    10086,
    10207,
    10071,
    10086,
    10901002,
    10214,
    10062,
    10093,
    10206,
    10202,
    10086,
    10208,
    10901001,
    10086,
    10901002,
    10211,
    10202,
    10207,
    10204,
    10901001,
    10086,
    10207,
    10901002,
    10086,
    10903018,
    10080,
    10071,
    10210,
    10206,
    10901008,
    10086,
    10208,
    10071,
    10086,
    10230,
    10208,
    10202,
    10215,
    10204,
    10901015,
    10086,
    10207,
    10901008,
    10086,
    10233,
    10080,
    10095,
    10207,
    10206,
    10901018,
    10086,
    10208,
    10901017,
    10086,
    10901016,
    10088,
    10202,
    10215,
    10204,
    10095,
    10086,
    10231,
    10233,
    10086,
    10208,
    10093,
    10207,
    10208,
    10206,
    10095,
    10086,
    10208,
    10901009,
    10086,
    10210,
    10212
  },
  ["NormalRewardDesc"]= "BattlePass_8",
  ["UltRewardAction"]= "kiss",
  ["UltRewardAvatar"]= {
    2405044,
    4101235,
    4107032
  },
  ["UltRewardDesc"]= "BattlePass_9",
  ["UltRewardMount"]= 0,
  ["UltRewardMountAction"]= 0,
  ["UltRewardMountActionW"]= 0,
  ["UltRewardMountType"]= 0,
  ["UltRewardPart1"]= 0,
  ["UltRewardPart2"]= 0,
  ["UltRewardYCoordinate"]= 1,
  ["UltRewardZCoordinate"]= 0.3
}
for _,v in pairs(table) do
  setmetatable(v,{__index  = baseTable});
end
return table;"
