TextAsset Base
	string m_Name = "data_businessTask_ringTaskPool"
	string m_Script = "local table= {
[1] = {
  ["1"]= {
    30001,
    30002,
    30003,
    30004,
    30005,
    30006,
    30007,
    30008,
    30009,
    30010,
    30011,
    30012,
    30013,
    30014,
    30015,
    30016,
    30017,
    30018,
    30019,
    30020,
    30021,
    30022,
    30023,
    30024,
    30025,
    30026,
    30027,
    30028,
    30029,
    30030,
    30031,
    30032,
    30033,
    30034,
    30035,
    30036,
    30037,
    30038,
    30039
  },
  ["2"]= {
    30001,
    30002,
    30003,
    30004,
    30005,
    30006,
    30007,
    30008,
    30009,
    30010,
    30011,
    30012,
    30013,
    30014,
    30015,
    30016,
    30017,
    30018,
    30019,
    30020,
    30021,
    30022,
    30023,
    30024,
    30025,
    30026,
    30027,
    30028,
    30029,
    30030,
    30031,
    30032,
    30033,
    30034,
    30035,
    30036,
    30037,
    30038,
    30039
  },
  ["3"]= {
    30001,
    30002,
    30003,
    30004,
    30005,
    30006,
    30007,
    30008,
    30009,
    30010,
    30011,
    30012,
    30013,
    30014,
    30015,
    30016,
    30017,
    30018,
    30019,
    30020,
    30021,
    30022,
    30023,
    30024,
    30025,
    30026,
    30027,
    30028,
    30029,
    30030,
    30031,
    30032,
    30033,
    30034,
    30035,
    30036,
    30037,
    30038,
    30039
  },
  ["4"]= {
    30001,
    30002,
    30003,
    30004,
    30005,
    30006,
    30007,
    30008,
    30009,
    30010,
    30011,
    30012,
    30013,
    30014,
    30015,
    30016,
    30017,
    30018,
    30019,
    30020,
    30021,
    30022,
    30023,
    30024,
    30025,
    30026,
    30027,
    30028,
    30029,
    30030,
    30031,
    30032,
    30033,
    30034,
    30035,
    30036,
    30037,
    30038,
    30039
  }
},
[2] = {
  ["1"]= {
    30101,
    30102,
    30103,
    30104,
    30105,
    30106,
    30107,
    30108,
    30109,
    30110,
    30111,
    30112,
    30113,
    30114,
    30115,
    30116,
    30117,
    30118,
    30119,
    30120,
    30121,
    30122,
    30123,
    30124,
    30125,
    30126,
    30127,
    30128,
    30129,
    30130,
    30131,
    30132,
    30133,
    30134,
    30135,
    30136,
    30137,
    30138,
    30139
  },
  ["2"]= {
    30101,
    30102,
    30103,
    30104,
    30105,
    30106,
    30107,
    30108,
    30109,
    30110,
    30111,
    30112,
    30113,
    30114,
    30115,
    30116,
    30117,
    30118,
    30119,
    30120,
    30121,
    30122,
    30123,
    30124,
    30125,
    30126,
    30127,
    30128,
    30129,
    30130,
    30131,
    30132,
    30133,
    30134,
    30135,
    30136,
    30137,
    30138,
    30139
  },
  ["3"]= {
    30101,
    30102,
    30103,
    30104,
    30105,
    30106,
    30107,
    30108,
    30109,
    30110,
    30111,
    30112,
    30113,
    30114,
    30115,
    30116,
    30117,
    30118,
    30119,
    30120,
    30121,
    30122,
    30123,
    30124,
    30125,
    30126,
    30127,
    30128,
    30129,
    30130,
    30131,
    30132,
    30133,
    30134,
    30135,
    30136,
    30137,
    30138,
    30139
  },
  ["4"]= {
    30101,
    30102,
    30103,
    30104,
    30105,
    30106,
    30107,
    30108,
    30109,
    30110,
    30111,
    30112,
    30113,
    30114,
    30115,
    30116,
    30117,
    30118,
    30119,
    30120,
    30121,
    30122,
    30123,
    30124,
    30125,
    30126,
    30127,
    30128,
    30129,
    30130,
    30131,
    30132,
    30133,
    30134,
    30135,
    30136,
    30137,
    30138,
    30139
  },
  ["Id"]= 2,
  ["needLevel"]= 31
},
[3] = {
  ["1"]= {
    30201,
    30202,
    30203,
    30204,
    30205,
    30206,
    30207,
    30208,
    30209,
    30210,
    30211,
    30212,
    30213,
    30214,
    30215,
    30216,
    30217,
    30218,
    30219,
    30220,
    30221,
    30222,
    30223,
    30224,
    30225,
    30226,
    30227,
    30228,
    30229,
    30230,
    30231,
    30232,
    30233,
    30234,
    30235,
    30236,
    30237,
    30238,
    30239,
    30240,
    30241,
    30242,
    30243,
    30244,
    30245,
    30246,
    30247,
    30248,
    30249,
    30250,
    30251,
    30252,
    30253,
    30254,
    30255,
    30256
  },
  ["2"]= {
    30201,
    30202,
    30203,
    30204,
    30205,
    30206,
    30207,
    30208,
    30209,
    30210,
    30211,
    30212,
    30213,
    30214,
    30215,
    30216,
    30217,
    30218,
    30219,
    30220,
    30221,
    30222,
    30223,
    30224,
    30225,
    30226,
    30227,
    30228,
    30229,
    30230,
    30231,
    30232,
    30233,
    30234,
    30235,
    30236,
    30237,
    30238,
    30239,
    30240,
    30241,
    30242,
    30243,
    30244,
    30245,
    30246,
    30247,
    30248,
    30249,
    30250,
    30251,
    30252,
    30253,
    30254,
    30255,
    30256
  },
  ["3"]= {
    30201,
    30202,
    30203,
    30204,
    30205,
    30206,
    30207,
    30208,
    30209,
    30210,
    30211,
    30212,
    30213,
    30214,
    30215,
    30216,
    30217,
    30218,
    30219,
    30220,
    30221,
    30222,
    30223,
    30224,
    30225,
    30226,
    30227,
    30228,
    30229,
    30230,
    30231,
    30232,
    30233,
    30234,
    30235,
    30236,
    30237,
    30238,
    30239,
    30240,
    30241,
    30242,
    30243,
    30244,
    30245,
    30246,
    30247,
    30248,
    30249,
    30250,
    30251,
    30252,
    30253,
    30254,
    30255,
    30256
  },
  ["4"]= {
    30201,
    30202,
    30203,
    30204,
    30205,
    30206,
    30207,
    30208,
    30209,
    30210,
    30211,
    30212,
    30213,
    30214,
    30215,
    30216,
    30217,
    30218,
    30219,
    30220,
    30221,
    30222,
    30223,
    30224,
    30225,
    30226,
    30227,
    30228,
    30229,
    30230,
    30231,
    30232,
    30233,
    30234,
    30235,
    30236,
    30237,
    30238,
    30239,
    30240,
    30241,
    30242,
    30243,
    30244,
    30245,
    30246,
    30247,
    30248,
    30249,
    30250,
    30251,
    30252,
    30253,
    30254,
    30255,
    30256
  },
  ["Id"]= 3,
  ["needLevel"]= 36
},
[4] = {
  ["1"]= {
    30301,
    30302,
    30303,
    30304,
    30305,
    30306,
    30307,
    30308,
    30309,
    30310,
    30311,
    30312,
    30313,
    30314,
    30315,
    30316,
    30317,
    30318,
    30319,
    30320,
    30321,
    30322,
    30323,
    30324,
    30325,
    30326,
    30327,
    30328,
    30329,
    30330,
    30331,
    30332,
    30333,
    30334,
    30335,
    30336,
    30337,
    30338,
    30339,
    30340,
    30341,
    30342,
    30343,
    30344,
    30345,
    30346,
    30347,
    30348,
    30349,
    30350,
    30351,
    30352,
    30353,
    30354,
    30355,
    30356
  },
  ["2"]= {
    30301,
    30302,
    30303,
    30304,
    30305,
    30306,
    30307,
    30308,
    30309,
    30310,
    30311,
    30312,
    30313,
    30314,
    30315,
    30316,
    30317,
    30318,
    30319,
    30320,
    30321,
    30322,
    30323,
    30324,
    30325,
    30326,
    30327,
    30328,
    30329,
    30330,
    30331,
    30332,
    30333,
    30334,
    30335,
    30336,
    30337,
    30338,
    30339,
    30340,
    30341,
    30342,
    30343,
    30344,
    30345,
    30346,
    30347,
    30348,
    30349,
    30350,
    30351,
    30352,
    30353,
    30354,
    30355,
    30356
  },
  ["3"]= {
    30301,
    30302,
    30303,
    30304,
    30305,
    30306,
    30307,
    30308,
    30309,
    30310,
    30311,
    30312,
    30313,
    30314,
    30315,
    30316,
    30317,
    30318,
    30319,
    30320,
    30321,
    30322,
    30323,
    30324,
    30325,
    30326,
    30327,
    30328,
    30329,
    30330,
    30331,
    30332,
    30333,
    30334,
    30335,
    30336,
    30337,
    30338,
    30339,
    30340,
    30341,
    30342,
    30343,
    30344,
    30345,
    30346,
    30347,
    30348,
    30349,
    30350,
    30351,
    30352,
    30353,
    30354,
    30355,
    30356
  },
  ["4"]= {
    30301,
    30302,
    30303,
    30304,
    30305,
    30306,
    30307,
    30308,
    30309,
    30310,
    30311,
    30312,
    30313,
    30314,
    30315,
    30316,
    30317,
    30318,
    30319,
    30320,
    30321,
    30322,
    30323,
    30324,
    30325,
    30326,
    30327,
    30328,
    30329,
    30330,
    30331,
    30332,
    30333,
    30334,
    30335,
    30336,
    30337,
    30338,
    30339,
    30340,
    30341,
    30342,
    30343,
    30344,
    30345,
    30346,
    30347,
    30348,
    30349,
    30350,
    30351,
    30352,
    30353,
    30354,
    30355,
    30356
  },
  ["Id"]= 4,
  ["needLevel"]= 41
},
[5] = {
  ["1"]= {
    30401,
    30402,
    30403,
    30404,
    30405,
    30406,
    30407,
    30408,
    30409,
    30410,
    30411,
    30412,
    30413,
    30414,
    30415,
    30416,
    30417,
    30418,
    30419,
    30420,
    30421,
    30422,
    30423,
    30424,
    30425,
    30426,
    30427,
    30428,
    30429,
    30430,
    30431,
    30432,
    30433,
    30434,
    30435,
    30436,
    30437,
    30438,
    30439,
    30440,
    30441,
    30442,
    30443,
    30444,
    30445,
    30446,
    30447,
    30448,
    30449,
    30450,
    30451,
    30452,
    30453,
    30454,
    30455,
    30456
  },
  ["2"]= {
    30401,
    30402,
    30403,
    30404,
    30405,
    30406,
    30407,
    30408,
    30409,
    30410,
    30411,
    30412,
    30413,
    30414,
    30415,
    30416,
    30417,
    30418,
    30419,
    30420,
    30421,
    30422,
    30423,
    30424,
    30425,
    30426,
    30427,
    30428,
    30429,
    30430,
    30431,
    30432,
    30433,
    30434,
    30435,
    30436,
    30437,
    30438,
    30439,
    30440,
    30441,
    30442,
    30443,
    30444,
    30445,
    30446,
    30447,
    30448,
    30449,
    30450,
    30451,
    30452,
    30453,
    30454,
    30455,
    30456
  },
  ["3"]= {
    30401,
    30402,
    30403,
    30404,
    30405,
    30406,
    30407,
    30408,
    30409,
    30410,
    30411,
    30412,
    30413,
    30414,
    30415,
    30416,
    30417,
    30418,
    30419,
    30420,
    30421,
    30422,
    30423,
    30424,
    30425,
    30426,
    30427,
    30428,
    30429,
    30430,
    30431,
    30432,
    30433,
    30434,
    30435,
    30436,
    30437,
    30438,
    30439,
    30440,
    30441,
    30442,
    30443,
    30444,
    30445,
    30446,
    30447,
    30448,
    30449,
    30450,
    30451,
    30452,
    30453,
    30454,
    30455,
    30456
  },
  ["4"]= {
    30401,
    30402,
    30403,
    30404,
    30405,
    30406,
    30407,
    30408,
    30409,
    30410,
    30411,
    30412,
    30413,
    30414,
    30415,
    30416,
    30417,
    30418,
    30419,
    30420,
    30421,
    30422,
    30423,
    30424,
    30425,
    30426,
    30427,
    30428,
    30429,
    30430,
    30431,
    30432,
    30433,
    30434,
    30435,
    30436,
    30437,
    30438,
    30439,
    30440,
    30441,
    30442,
    30443,
    30444,
    30445,
    30446,
    30447,
    30448,
    30449,
    30450,
    30451,
    30452,
    30453,
    30454,
    30455,
    30456
  },
  ["Id"]= 5,
  ["needLevel"]= 46
},
[6] = {
  ["1"]= {
    30501,
    30502,
    30503,
    30504,
    30505,
    30506,
    30507,
    30508,
    30509,
    30510,
    30511,
    30512,
    30513,
    30514,
    30515,
    30516,
    30517,
    30518,
    30519,
    30520,
    30521,
    30522,
    30523,
    30524,
    30525,
    30526,
    30527,
    30528,
    30529,
    30530,
    30531,
    30532,
    30533,
    30534,
    30535,
    30536,
    30537,
    30538,
    30539,
    30540,
    30541,
    30542,
    30543,
    30544,
    30545,
    30546,
    30547,
    30548,
    30549,
    30550,
    30551,
    30552,
    30553,
    30554,
    30555,
    30556
  },
  ["2"]= {
    30501,
    30502,
    30503,
    30504,
    30505,
    30506,
    30507,
    30508,
    30509,
    30510,
    30511,
    30512,
    30513,
    30514,
    30515,
    30516,
    30517,
    30518,
    30519,
    30520,
    30521,
    30522,
    30523,
    30524,
    30525,
    30526,
    30527,
    30528,
    30529,
    30530,
    30531,
    30532,
    30533,
    30534,
    30535,
    30536,
    30537,
    30538,
    30539,
    30540,
    30541,
    30542,
    30543,
    30544,
    30545,
    30546,
    30547,
    30548,
    30549,
    30550,
    30551,
    30552,
    30553,
    30554,
    30555,
    30556
  },
  ["3"]= {
    30501,
    30502,
    30503,
    30504,
    30505,
    30506,
    30507,
    30508,
    30509,
    30510,
    30511,
    30512,
    30513,
    30514,
    30515,
    30516,
    30517,
    30518,
    30519,
    30520,
    30521,
    30522,
    30523,
    30524,
    30525,
    30526,
    30527,
    30528,
    30529,
    30530,
    30531,
    30532,
    30533,
    30534,
    30535,
    30536,
    30537,
    30538,
    30539,
    30540,
    30541,
    30542,
    30543,
    30544,
    30545,
    30546,
    30547,
    30548,
    30549,
    30550,
    30551,
    30552,
    30553,
    30554,
    30555,
    30556
  },
  ["4"]= {
    30501,
    30502,
    30503,
    30504,
    30505,
    30506,
    30507,
    30508,
    30509,
    30510,
    30511,
    30512,
    30513,
    30514,
    30515,
    30516,
    30517,
    30518,
    30519,
    30520,
    30521,
    30522,
    30523,
    30524,
    30525,
    30526,
    30527,
    30528,
    30529,
    30530,
    30531,
    30532,
    30533,
    30534,
    30535,
    30536,
    30537,
    30538,
    30539,
    30540,
    30541,
    30542,
    30543,
    30544,
    30545,
    30546,
    30547,
    30548,
    30549,
    30550,
    30551,
    30552,
    30553,
    30554,
    30555,
    30556
  },
  ["Id"]= 6,
  ["needLevel"]= 51
},
[7] = {
  ["1"]= {
    30601,
    30602,
    30603,
    30604,
    30605,
    30606,
    30607,
    30608,
    30609,
    30610,
    30611,
    30612,
    30613,
    30614,
    30615,
    30616,
    30617,
    30618,
    30619,
    30620,
    30621,
    30622,
    30623,
    30624,
    30625,
    30626,
    30627,
    30628,
    30629,
    30630,
    30631,
    30632,
    30633,
    30634,
    30635,
    30636,
    30637,
    30638,
    30639,
    30640,
    30641,
    30642,
    30643,
    30644,
    30645,
    30646,
    30647,
    30648,
    30649,
    30650,
    30651,
    30652,
    30653,
    30654,
    30655
  },
  ["2"]= {
    30601,
    30602,
    30603,
    30604,
    30605,
    30606,
    30607,
    30608,
    30609,
    30610,
    30611,
    30612,
    30613,
    30614,
    30615,
    30616,
    30617,
    30618,
    30619,
    30620,
    30621,
    30622,
    30623,
    30624,
    30625,
    30626,
    30627,
    30628,
    30629,
    30630,
    30631,
    30632,
    30633,
    30634,
    30635,
    30636,
    30637,
    30638,
    30639,
    30640,
    30641,
    30642,
    30643,
    30644,
    30645,
    30646,
    30647,
    30648,
    30649,
    30650,
    30651,
    30652,
    30653,
    30654,
    30655
  },
  ["3"]= {
    30601,
    30602,
    30603,
    30604,
    30605,
    30606,
    30607,
    30608,
    30609,
    30610,
    30611,
    30612,
    30613,
    30614,
    30615,
    30616,
    30617,
    30618,
    30619,
    30620,
    30621,
    30622,
    30623,
    30624,
    30625,
    30626,
    30627,
    30628,
    30629,
    30630,
    30631,
    30632,
    30633,
    30634,
    30635,
    30636,
    30637,
    30638,
    30639,
    30640,
    30641,
    30642,
    30643,
    30644,
    30645,
    30646,
    30647,
    30648,
    30649,
    30650,
    30651,
    30652,
    30653,
    30654,
    30655
  },
  ["4"]= {
    30601,
    30602,
    30603,
    30604,
    30605,
    30606,
    30607,
    30608,
    30609,
    30610,
    30611,
    30612,
    30613,
    30614,
    30615,
    30616,
    30617,
    30618,
    30619,
    30620,
    30621,
    30622,
    30623,
    30624,
    30625,
    30626,
    30627,
    30628,
    30629,
    30630,
    30631,
    30632,
    30633,
    30634,
    30635,
    30636,
    30637,
    30638,
    30639,
    30640,
    30641,
    30642,
    30643,
    30644,
    30645,
    30646,
    30647,
    30648,
    30649,
    30650,
    30651,
    30652,
    30653,
    30654,
    30655
  },
  ["Id"]= 7,
  ["needLevel"]= 56
},
[8] = {
  ["1"]= {
    30701,
    30702,
    30703,
    30704,
    30705,
    30706,
    30707,
    30708,
    30709,
    30710,
    30711,
    30712,
    30713,
    30714,
    30715,
    30716,
    30717,
    30718,
    30719,
    30720,
    30721,
    30722,
    30723,
    30724,
    30725,
    30726,
    30727,
    30728,
    30729,
    30730,
    30731,
    30732,
    30733,
    30734,
    30735,
    30736,
    30737,
    30738,
    30739,
    30740,
    30741,
    30742,
    30743,
    30744,
    30745,
    30746,
    30747,
    30748,
    30749,
    30750,
    30751,
    30752,
    30753,
    30754,
    30755
  },
  ["2"]= {
    30701,
    30702,
    30703,
    30704,
    30705,
    30706,
    30707,
    30708,
    30709,
    30710,
    30711,
    30712,
    30713,
    30714,
    30715,
    30716,
    30717,
    30718,
    30719,
    30720,
    30721,
    30722,
    30723,
    30724,
    30725,
    30726,
    30727,
    30728,
    30729,
    30730,
    30731,
    30732,
    30733,
    30734,
    30735,
    30736,
    30737,
    30738,
    30739,
    30740,
    30741,
    30742,
    30743,
    30744,
    30745,
    30746,
    30747,
    30748,
    30749,
    30750,
    30751,
    30752,
    30753,
    30754,
    30755
  },
  ["3"]= {
    30701,
    30702,
    30703,
    30704,
    30705,
    30706,
    30707,
    30708,
    30709,
    30710,
    30711,
    30712,
    30713,
    30714,
    30715,
    30716,
    30717,
    30718,
    30719,
    30720,
    30721,
    30722,
    30723,
    30724,
    30725,
    30726,
    30727,
    30728,
    30729,
    30730,
    30731,
    30732,
    30733,
    30734,
    30735,
    30736,
    30737,
    30738,
    30739,
    30740,
    30741,
    30742,
    30743,
    30744,
    30745,
    30746,
    30747,
    30748,
    30749,
    30750,
    30751,
    30752,
    30753,
    30754,
    30755
  },
  ["4"]= {
    30701,
    30702,
    30703,
    30704,
    30705,
    30706,
    30707,
    30708,
    30709,
    30710,
    30711,
    30712,
    30713,
    30714,
    30715,
    30716,
    30717,
    30718,
    30719,
    30720,
    30721,
    30722,
    30723,
    30724,
    30725,
    30726,
    30727,
    30728,
    30729,
    30730,
    30731,
    30732,
    30733,
    30734,
    30735,
    30736,
    30737,
    30738,
    30739,
    30740,
    30741,
    30742,
    30743,
    30744,
    30745,
    30746,
    30747,
    30748,
    30749,
    30750,
    30751,
    30752,
    30753,
    30754,
    30755
  },
  ["Id"]= 8,
  ["needLevel"]= 61
},
[9] = {
  ["1"]= {
    30801,
    30802,
    30803,
    30804,
    30805,
    30806,
    30807,
    30808,
    30809,
    30810,
    30811,
    30812,
    30813,
    30814,
    30815,
    30816,
    30817,
    30818,
    30819,
    30820,
    30821,
    30822,
    30823,
    30824,
    30825,
    30826,
    30827,
    30828,
    30829,
    30830,
    30831,
    30832,
    30833,
    30834,
    30835,
    30836,
    30837,
    30838,
    30839,
    30840,
    30841,
    30842,
    30843,
    30844,
    30845,
    30846,
    30847,
    30848,
    30849,
    30850,
    30851,
    30852,
    30853,
    30854,
    30855,
    30856,
    30857,
    30858
  },
  ["2"]= {
    30801,
    30802,
    30803,
    30804,
    30805,
    30806,
    30807,
    30808,
    30809,
    30810,
    30811,
    30812,
    30813,
    30814,
    30815,
    30816,
    30817,
    30818,
    30819,
    30820,
    30821,
    30822,
    30823,
    30824,
    30825,
    30826,
    30827,
    30828,
    30829,
    30830,
    30831,
    30832,
    30833,
    30834,
    30835,
    30836,
    30837,
    30838,
    30839,
    30840,
    30841,
    30842,
    30843,
    30844,
    30845,
    30846,
    30847,
    30848,
    30849,
    30850,
    30851,
    30852,
    30853,
    30854,
    30855,
    30856,
    30857,
    30858
  },
  ["3"]= {
    30801,
    30802,
    30803,
    30804,
    30805,
    30806,
    30807,
    30808,
    30809,
    30810,
    30811,
    30812,
    30813,
    30814,
    30815,
    30816,
    30817,
    30818,
    30819,
    30820,
    30821,
    30822,
    30823,
    30824,
    30825,
    30826,
    30827,
    30828,
    30829,
    30830,
    30831,
    30832,
    30833,
    30834,
    30835,
    30836,
    30837,
    30838,
    30839,
    30840,
    30841,
    30842,
    30843,
    30844,
    30845,
    30846,
    30847,
    30848,
    30849,
    30850,
    30851,
    30852,
    30853,
    30854,
    30855,
    30856,
    30857,
    30858
  },
  ["4"]= {
    30801,
    30802,
    30803,
    30804,
    30805,
    30806,
    30807,
    30808,
    30809,
    30810,
    30811,
    30812,
    30813,
    30814,
    30815,
    30816,
    30817,
    30818,
    30819,
    30820,
    30821,
    30822,
    30823,
    30824,
    30825,
    30826,
    30827,
    30828,
    30829,
    30830,
    30831,
    30832,
    30833,
    30834,
    30835,
    30836,
    30837,
    30838,
    30839,
    30840,
    30841,
    30842,
    30843,
    30844,
    30845,
    30846,
    30847,
    30848,
    30849,
    30850,
    30851,
    30852,
    30853,
    30854,
    30855,
    30856,
    30857,
    30858
  },
  ["Id"]= 9,
  ["needLevel"]= 66
},
[10] = {
  ["1"]= {
    30901,
    30902,
    30903,
    30904,
    30905,
    30906,
    30907,
    30908,
    30909,
    30910,
    30911,
    30912,
    30913,
    30914,
    30915,
    30916,
    30917,
    30918,
    30919,
    30920,
    30921,
    30922,
    30923,
    30924,
    30925,
    30926,
    30927,
    30928,
    30929,
    30930,
    30931,
    30932,
    30933,
    30934,
    30935,
    30936,
    30937,
    30938,
    30939,
    30940,
    30941,
    30942,
    30943,
    30944,
    30945,
    30946,
    30947,
    30948,
    30949,
    30950,
    30951,
    30952,
    30953,
    30954,
    30955,
    30956,
    30957,
    30958
  },
  ["2"]= {
    30901,
    30902,
    30903,
    30904,
    30905,
    30906,
    30907,
    30908,
    30909,
    30910,
    30911,
    30912,
    30913,
    30914,
    30915,
    30916,
    30917,
    30918,
    30919,
    30920,
    30921,
    30922,
    30923,
    30924,
    30925,
    30926,
    30927,
    30928,
    30929,
    30930,
    30931,
    30932,
    30933,
    30934,
    30935,
    30936,
    30937,
    30938,
    30939,
    30940,
    30941,
    30942,
    30943,
    30944,
    30945,
    30946,
    30947,
    30948,
    30949,
    30950,
    30951,
    30952,
    30953,
    30954,
    30955,
    30956,
    30957,
    30958
  },
  ["3"]= {
    30901,
    30902,
    30903,
    30904,
    30905,
    30906,
    30907,
    30908,
    30909,
    30910,
    30911,
    30912,
    30913,
    30914,
    30915,
    30916,
    30917,
    30918,
    30919,
    30920,
    30921,
    30922,
    30923,
    30924,
    30925,
    30926,
    30927,
    30928,
    30929,
    30930,
    30931,
    30932,
    30933,
    30934,
    30935,
    30936,
    30937,
    30938,
    30939,
    30940,
    30941,
    30942,
    30943,
    30944,
    30945,
    30946,
    30947,
    30948,
    30949,
    30950,
    30951,
    30952,
    30953,
    30954,
    30955,
    30956,
    30957,
    30958
  },
  ["4"]= {
    30901,
    30902,
    30903,
    30904,
    30905,
    30906,
    30907,
    30908,
    30909,
    30910,
    30911,
    30912,
    30913,
    30914,
    30915,
    30916,
    30917,
    30918,
    30919,
    30920,
    30921,
    30922,
    30923,
    30924,
    30925,
    30926,
    30927,
    30928,
    30929,
    30930,
    30931,
    30932,
    30933,
    30934,
    30935,
    30936,
    30937,
    30938,
    30939,
    30940,
    30941,
    30942,
    30943,
    30944,
    30945,
    30946,
    30947,
    30948,
    30949,
    30950,
    30951,
    30952,
    30953,
    30954,
    30955,
    30956,
    30957,
    30958
  },
  ["Id"]= 10,
  ["needLevel"]= 71
},
[11] = {
  ["1"]= {
    31001,
    31002,
    31003,
    31004,
    31005,
    31006,
    31007,
    31008,
    31009,
    31010,
    31011,
    31012,
    31013,
    31014,
    31015,
    31016,
    31017,
    31018,
    31019,
    31020,
    31021,
    31022,
    31023,
    31024,
    31025,
    31026,
    31027,
    31028,
    31029,
    31030,
    31031,
    31032,
    31033,
    31034,
    31035,
    31036,
    31037,
    31038,
    31039,
    31040,
    31041,
    31042,
    31043,
    31044,
    31045,
    31046,
    31047,
    31048,
    31049,
    31050
  },
  ["2"]= {
    31001,
    31002,
    31003,
    31004,
    31005,
    31006,
    31007,
    31008,
    31009,
    31010,
    31011,
    31012,
    31013,
    31014,
    31015,
    31016,
    31017,
    31018,
    31019,
    31020,
    31021,
    31022,
    31023,
    31024,
    31025,
    31026,
    31027,
    31028,
    31029,
    31030,
    31031,
    31032,
    31033,
    31034,
    31035,
    31036,
    31037,
    31038,
    31039,
    31040,
    31041,
    31042,
    31043,
    31044,
    31045,
    31046,
    31047,
    31048,
    31049,
    31050
  },
  ["3"]= {
    31001,
    31002,
    31003,
    31004,
    31005,
    31006,
    31007,
    31008,
    31009,
    31010,
    31011,
    31012,
    31013,
    31014,
    31015,
    31016,
    31017,
    31018,
    31019,
    31020,
    31021,
    31022,
    31023,
    31024,
    31025,
    31026,
    31027,
    31028,
    31029,
    31030,
    31031,
    31032,
    31033,
    31034,
    31035,
    31036,
    31037,
    31038,
    31039,
    31040,
    31041,
    31042,
    31043,
    31044,
    31045,
    31046,
    31047,
    31048,
    31049,
    31050
  },
  ["4"]= {
    31001,
    31002,
    31003,
    31004,
    31005,
    31006,
    31007,
    31008,
    31009,
    31010,
    31011,
    31012,
    31013,
    31014,
    31015,
    31016,
    31017,
    31018,
    31019,
    31020,
    31021,
    31022,
    31023,
    31024,
    31025,
    31026,
    31027,
    31028,
    31029,
    31030,
    31031,
    31032,
    31033,
    31034,
    31035,
    31036,
    31037,
    31038,
    31039,
    31040,
    31041,
    31042,
    31043,
    31044,
    31045,
    31046,
    31047,
    31048,
    31049,
    31050
  },
  ["Id"]= 11,
  ["needLevel"]= 76
},
[12] = {
  ["Id"]= 12,
  ["needLevel"]= 81
},
[13] = {
  ["Id"]= 13,
  ["needLevel"]= 86
},
[14] = {
  ["Id"]= 14,
  ["needLevel"]= 91
},
[15] = {
  ["1"]= {
    30001,
    30002,
    30003,
    30004,
    30005,
    30006,
    30007,
    30008,
    30009,
    30010,
    30011,
    30012,
    30013,
    30014,
    30015,
    30016,
    30017,
    30018,
    30019,
    30020,
    30021,
    30022,
    30023,
    30024,
    30025,
    30026,
    30027,
    30028,
    30029,
    30030,
    30031,
    30032,
    30033,
    30034,
    30035,
    30036,
    30037,
    30038,
    30039
  },
  ["2"]= {
    30001,
    30002,
    30003,
    30004,
    30005,
    30006,
    30007,
    30008,
    30009,
    30010,
    30011,
    30012,
    30013,
    30014,
    30015,
    30016,
    30017,
    30018,
    30019,
    30020,
    30021,
    30022,
    30023,
    30024,
    30025,
    30026,
    30027,
    30028,
    30029,
    30030,
    30031,
    30032,
    30033,
    30034,
    30035,
    30036,
    30037,
    30038,
    30039
  },
  ["3"]= {
    30001,
    30002,
    30003,
    30004,
    30005,
    30006,
    30007,
    30008,
    30009,
    30010,
    30011,
    30012,
    30013,
    30014,
    30015,
    30016,
    30017,
    30018,
    30019,
    30020,
    30021,
    30022,
    30023,
    30024,
    30025,
    30026,
    30027,
    30028,
    30029,
    30030,
    30031,
    30032,
    30033,
    30034,
    30035,
    30036,
    30037,
    30038,
    30039
  },
  ["4"]= {
    30001,
    30002,
    30003,
    30004,
    30005,
    30006,
    30007,
    30008,
    30009,
    30010,
    30011,
    30012,
    30013,
    30014,
    30015,
    30016,
    30017,
    30018,
    30019,
    30020,
    30021,
    30022,
    30023,
    30024,
    30025,
    30026,
    30027,
    30028,
    30029,
    30030,
    30031,
    30032,
    30033,
    30034,
    30035,
    30036,
    30037,
    30038,
    30039
  },
  ["chamberType"]= 2,
  ["Id"]= 15
},
[16] = {
  ["1"]= {
    30101,
    30102,
    30103,
    30104,
    30105,
    30106,
    30107,
    30108,
    30109,
    30110,
    30111,
    30112,
    30113,
    30114,
    30115,
    30116,
    30117,
    30118,
    30119,
    30120,
    30121,
    30122,
    30123,
    30124,
    30125,
    30126,
    30127,
    30128,
    30129,
    30130,
    30131,
    30132,
    30133,
    30134,
    30135,
    30136,
    30137,
    30138,
    30139
  },
  ["2"]= {
    30101,
    30102,
    30103,
    30104,
    30105,
    30106,
    30107,
    30108,
    30109,
    30110,
    30111,
    30112,
    30113,
    30114,
    30115,
    30116,
    30117,
    30118,
    30119,
    30120,
    30121,
    30122,
    30123,
    30124,
    30125,
    30126,
    30127,
    30128,
    30129,
    30130,
    30131,
    30132,
    30133,
    30134,
    30135,
    30136,
    30137,
    30138,
    30139
  },
  ["3"]= {
    30101,
    30102,
    30103,
    30104,
    30105,
    30106,
    30107,
    30108,
    30109,
    30110,
    30111,
    30112,
    30113,
    30114,
    30115,
    30116,
    30117,
    30118,
    30119,
    30120,
    30121,
    30122,
    30123,
    30124,
    30125,
    30126,
    30127,
    30128,
    30129,
    30130,
    30131,
    30132,
    30133,
    30134,
    30135,
    30136,
    30137,
    30138,
    30139
  },
  ["4"]= {
    30101,
    30102,
    30103,
    30104,
    30105,
    30106,
    30107,
    30108,
    30109,
    30110,
    30111,
    30112,
    30113,
    30114,
    30115,
    30116,
    30117,
    30118,
    30119,
    30120,
    30121,
    30122,
    30123,
    30124,
    30125,
    30126,
    30127,
    30128,
    30129,
    30130,
    30131,
    30132,
    30133,
    30134,
    30135,
    30136,
    30137,
    30138,
    30139
  },
  ["chamberType"]= 2,
  ["Id"]= 16,
  ["needLevel"]= 31
},
[17] = {
  ["1"]= {
    30201,
    30202,
    30203,
    30204,
    30205,
    30206,
    30207,
    30208,
    30209,
    30210,
    30211,
    30212,
    30213,
    30214,
    30215,
    30216,
    30217,
    30218,
    30219,
    30220,
    30221,
    30222,
    30223,
    30224,
    30225,
    30226,
    30227,
    30228,
    30229,
    30230,
    30231,
    30232,
    30233,
    30234,
    30235,
    30236,
    30237,
    30238,
    30239,
    30240,
    30241,
    30242,
    30243,
    30244,
    30245,
    30246,
    30247,
    30248,
    30249,
    30250,
    30251,
    30252,
    30253,
    30254,
    30255,
    30256
  },
  ["2"]= {
    30201,
    30202,
    30203,
    30204,
    30205,
    30206,
    30207,
    30208,
    30209,
    30210,
    30211,
    30212,
    30213,
    30214,
    30215,
    30216,
    30217,
    30218,
    30219,
    30220,
    30221,
    30222,
    30223,
    30224,
    30225,
    30226,
    30227,
    30228,
    30229,
    30230,
    30231,
    30232,
    30233,
    30234,
    30235,
    30236,
    30237,
    30238,
    30239,
    30240,
    30241,
    30242,
    30243,
    30244,
    30245,
    30246,
    30247,
    30248,
    30249,
    30250,
    30251,
    30252,
    30253,
    30254,
    30255,
    30256
  },
  ["3"]= {
    30201,
    30202,
    30203,
    30204,
    30205,
    30206,
    30207,
    30208,
    30209,
    30210,
    30211,
    30212,
    30213,
    30214,
    30215,
    30216,
    30217,
    30218,
    30219,
    30220,
    30221,
    30222,
    30223,
    30224,
    30225,
    30226,
    30227,
    30228,
    30229,
    30230,
    30231,
    30232,
    30233,
    30234,
    30235,
    30236,
    30237,
    30238,
    30239,
    30240,
    30241,
    30242,
    30243,
    30244,
    30245,
    30246,
    30247,
    30248,
    30249,
    30250,
    30251,
    30252,
    30253,
    30254,
    30255,
    30256
  },
  ["4"]= {
    30201,
    30202,
    30203,
    30204,
    30205,
    30206,
    30207,
    30208,
    30209,
    30210,
    30211,
    30212,
    30213,
    30214,
    30215,
    30216,
    30217,
    30218,
    30219,
    30220,
    30221,
    30222,
    30223,
    30224,
    30225,
    30226,
    30227,
    30228,
    30229,
    30230,
    30231,
    30232,
    30233,
    30234,
    30235,
    30236,
    30237,
    30238,
    30239,
    30240,
    30241,
    30242,
    30243,
    30244,
    30245,
    30246,
    30247,
    30248,
    30249,
    30250,
    30251,
    30252,
    30253,
    30254,
    30255,
    30256
  },
  ["chamberType"]= 2,
  ["Id"]= 17,
  ["needLevel"]= 36
},
[18] = {
  ["1"]= {
    30301,
    30302,
    30303,
    30304,
    30305,
    30306,
    30307,
    30308,
    30309,
    30310,
    30311,
    30312,
    30313,
    30314,
    30315,
    30316,
    30317,
    30318,
    30319,
    30320,
    30321,
    30322,
    30323,
    30324,
    30325,
    30326,
    30327,
    30328,
    30329,
    30330,
    30331,
    30332,
    30333,
    30334,
    30335,
    30336,
    30337,
    30338,
    30339,
    30340,
    30341,
    30342,
    30343,
    30344,
    30345,
    30346,
    30347,
    30348,
    30349,
    30350,
    30351,
    30352,
    30353,
    30354,
    30355,
    30356
  },
  ["2"]= {
    30301,
    30302,
    30303,
    30304,
    30305,
    30306,
    30307,
    30308,
    30309,
    30310,
    30311,
    30312,
    30313,
    30314,
    30315,
    30316,
    30317,
    30318,
    30319,
    30320,
    30321,
    30322,
    30323,
    30324,
    30325,
    30326,
    30327,
    30328,
    30329,
    30330,
    30331,
    30332,
    30333,
    30334,
    30335,
    30336,
    30337,
    30338,
    30339,
    30340,
    30341,
    30342,
    30343,
    30344,
    30345,
    30346,
    30347,
    30348,
    30349,
    30350,
    30351,
    30352,
    30353,
    30354,
    30355,
    30356
  },
  ["3"]= {
    30301,
    30302,
    30303,
    30304,
    30305,
    30306,
    30307,
    30308,
    30309,
    30310,
    30311,
    30312,
    30313,
    30314,
    30315,
    30316,
    30317,
    30318,
    30319,
    30320,
    30321,
    30322,
    30323,
    30324,
    30325,
    30326,
    30327,
    30328,
    30329,
    30330,
    30331,
    30332,
    30333,
    30334,
    30335,
    30336,
    30337,
    30338,
    30339,
    30340,
    30341,
    30342,
    30343,
    30344,
    30345,
    30346,
    30347,
    30348,
    30349,
    30350,
    30351,
    30352,
    30353,
    30354,
    30355,
    30356
  },
  ["4"]= {
    30301,
    30302,
    30303,
    30304,
    30305,
    30306,
    30307,
    30308,
    30309,
    30310,
    30311,
    30312,
    30313,
    30314,
    30315,
    30316,
    30317,
    30318,
    30319,
    30320,
    30321,
    30322,
    30323,
    30324,
    30325,
    30326,
    30327,
    30328,
    30329,
    30330,
    30331,
    30332,
    30333,
    30334,
    30335,
    30336,
    30337,
    30338,
    30339,
    30340,
    30341,
    30342,
    30343,
    30344,
    30345,
    30346,
    30347,
    30348,
    30349,
    30350,
    30351,
    30352,
    30353,
    30354,
    30355,
    30356
  },
  ["chamberType"]= 2,
  ["Id"]= 18,
  ["needLevel"]= 41
},
[19] = {
  ["1"]= {
    30401,
    30402,
    30403,
    30404,
    30405,
    30406,
    30407,
    30408,
    30409,
    30410,
    30411,
    30412,
    30413,
    30414,
    30415,
    30416,
    30417,
    30418,
    30419,
    30420,
    30421,
    30422,
    30423,
    30424,
    30425,
    30426,
    30427,
    30428,
    30429,
    30430,
    30431,
    30432,
    30433,
    30434,
    30435,
    30436,
    30437,
    30438,
    30439,
    30440,
    30441,
    30442,
    30443,
    30444,
    30445,
    30446,
    30447,
    30448,
    30449,
    30450,
    30451,
    30452,
    30453,
    30454,
    30455,
    30456
  },
  ["2"]= {
    30401,
    30402,
    30403,
    30404,
    30405,
    30406,
    30407,
    30408,
    30409,
    30410,
    30411,
    30412,
    30413,
    30414,
    30415,
    30416,
    30417,
    30418,
    30419,
    30420,
    30421,
    30422,
    30423,
    30424,
    30425,
    30426,
    30427,
    30428,
    30429,
    30430,
    30431,
    30432,
    30433,
    30434,
    30435,
    30436,
    30437,
    30438,
    30439,
    30440,
    30441,
    30442,
    30443,
    30444,
    30445,
    30446,
    30447,
    30448,
    30449,
    30450,
    30451,
    30452,
    30453,
    30454,
    30455,
    30456
  },
  ["3"]= {
    30401,
    30402,
    30403,
    30404,
    30405,
    30406,
    30407,
    30408,
    30409,
    30410,
    30411,
    30412,
    30413,
    30414,
    30415,
    30416,
    30417,
    30418,
    30419,
    30420,
    30421,
    30422,
    30423,
    30424,
    30425,
    30426,
    30427,
    30428,
    30429,
    30430,
    30431,
    30432,
    30433,
    30434,
    30435,
    30436,
    30437,
    30438,
    30439,
    30440,
    30441,
    30442,
    30443,
    30444,
    30445,
    30446,
    30447,
    30448,
    30449,
    30450,
    30451,
    30452,
    30453,
    30454,
    30455,
    30456
  },
  ["4"]= {
    30401,
    30402,
    30403,
    30404,
    30405,
    30406,
    30407,
    30408,
    30409,
    30410,
    30411,
    30412,
    30413,
    30414,
    30415,
    30416,
    30417,
    30418,
    30419,
    30420,
    30421,
    30422,
    30423,
    30424,
    30425,
    30426,
    30427,
    30428,
    30429,
    30430,
    30431,
    30432,
    30433,
    30434,
    30435,
    30436,
    30437,
    30438,
    30439,
    30440,
    30441,
    30442,
    30443,
    30444,
    30445,
    30446,
    30447,
    30448,
    30449,
    30450,
    30451,
    30452,
    30453,
    30454,
    30455,
    30456
  },
  ["chamberType"]= 2,
  ["Id"]= 19,
  ["needLevel"]= 46
},
[20] = {
  ["1"]= {
    30501,
    30502,
    30503,
    30504,
    30505,
    30506,
    30507,
    30508,
    30509,
    30510,
    30511,
    30512,
    30513,
    30514,
    30515,
    30516,
    30517,
    30518,
    30519,
    30520,
    30521,
    30522,
    30523,
    30524,
    30525,
    30526,
    30527,
    30528,
    30529,
    30530,
    30531,
    30532,
    30533,
    30534,
    30535,
    30536,
    30537,
    30538,
    30539,
    30540,
    30541,
    30542,
    30543,
    30544,
    30545,
    30546,
    30547,
    30548,
    30549,
    30550,
    30551,
    30552,
    30553,
    30554,
    30555,
    30556
  },
  ["2"]= {
    30501,
    30502,
    30503,
    30504,
    30505,
    30506,
    30507,
    30508,
    30509,
    30510,
    30511,
    30512,
    30513,
    30514,
    30515,
    30516,
    30517,
    30518,
    30519,
    30520,
    30521,
    30522,
    30523,
    30524,
    30525,
    30526,
    30527,
    30528,
    30529,
    30530,
    30531,
    30532,
    30533,
    30534,
    30535,
    30536,
    30537,
    30538,
    30539,
    30540,
    30541,
    30542,
    30543,
    30544,
    30545,
    30546,
    30547,
    30548,
    30549,
    30550,
    30551,
    30552,
    30553,
    30554,
    30555,
    30556
  },
  ["3"]= {
    30501,
    30502,
    30503,
    30504,
    30505,
    30506,
    30507,
    30508,
    30509,
    30510,
    30511,
    30512,
    30513,
    30514,
    30515,
    30516,
    30517,
    30518,
    30519,
    30520,
    30521,
    30522,
    30523,
    30524,
    30525,
    30526,
    30527,
    30528,
    30529,
    30530,
    30531,
    30532,
    30533,
    30534,
    30535,
    30536,
    30537,
    30538,
    30539,
    30540,
    30541,
    30542,
    30543,
    30544,
    30545,
    30546,
    30547,
    30548,
    30549,
    30550,
    30551,
    30552,
    30553,
    30554,
    30555,
    30556
  },
  ["4"]= {
    30501,
    30502,
    30503,
    30504,
    30505,
    30506,
    30507,
    30508,
    30509,
    30510,
    30511,
    30512,
    30513,
    30514,
    30515,
    30516,
    30517,
    30518,
    30519,
    30520,
    30521,
    30522,
    30523,
    30524,
    30525,
    30526,
    30527,
    30528,
    30529,
    30530,
    30531,
    30532,
    30533,
    30534,
    30535,
    30536,
    30537,
    30538,
    30539,
    30540,
    30541,
    30542,
    30543,
    30544,
    30545,
    30546,
    30547,
    30548,
    30549,
    30550,
    30551,
    30552,
    30553,
    30554,
    30555,
    30556
  },
  ["chamberType"]= 2,
  ["Id"]= 20,
  ["needLevel"]= 51
},
[21] = {
  ["1"]= {
    30601,
    30602,
    30603,
    30604,
    30605,
    30606,
    30607,
    30608,
    30609,
    30610,
    30611,
    30612,
    30613,
    30614,
    30615,
    30616,
    30617,
    30618,
    30619,
    30620,
    30621,
    30622,
    30623,
    30624,
    30625,
    30626,
    30627,
    30628,
    30629,
    30630,
    30631,
    30632,
    30633,
    30634,
    30635,
    30636,
    30637,
    30638,
    30639,
    30640,
    30641,
    30642,
    30643,
    30644,
    30645,
    30646,
    30647,
    30648,
    30649,
    30650,
    30651,
    30652,
    30653,
    30654,
    30655
  },
  ["2"]= {
    30601,
    30602,
    30603,
    30604,
    30605,
    30606,
    30607,
    30608,
    30609,
    30610,
    30611,
    30612,
    30613,
    30614,
    30615,
    30616,
    30617,
    30618,
    30619,
    30620,
    30621,
    30622,
    30623,
    30624,
    30625,
    30626,
    30627,
    30628,
    30629,
    30630,
    30631,
    30632,
    30633,
    30634,
    30635,
    30636,
    30637,
    30638,
    30639,
    30640,
    30641,
    30642,
    30643,
    30644,
    30645,
    30646,
    30647,
    30648,
    30649,
    30650,
    30651,
    30652,
    30653,
    30654,
    30655
  },
  ["3"]= {
    30601,
    30602,
    30603,
    30604,
    30605,
    30606,
    30607,
    30608,
    30609,
    30610,
    30611,
    30612,
    30613,
    30614,
    30615,
    30616,
    30617,
    30618,
    30619,
    30620,
    30621,
    30622,
    30623,
    30624,
    30625,
    30626,
    30627,
    30628,
    30629,
    30630,
    30631,
    30632,
    30633,
    30634,
    30635,
    30636,
    30637,
    30638,
    30639,
    30640,
    30641,
    30642,
    30643,
    30644,
    30645,
    30646,
    30647,
    30648,
    30649,
    30650,
    30651,
    30652,
    30653,
    30654,
    30655
  },
  ["4"]= {
    30601,
    30602,
    30603,
    30604,
    30605,
    30606,
    30607,
    30608,
    30609,
    30610,
    30611,
    30612,
    30613,
    30614,
    30615,
    30616,
    30617,
    30618,
    30619,
    30620,
    30621,
    30622,
    30623,
    30624,
    30625,
    30626,
    30627,
    30628,
    30629,
    30630,
    30631,
    30632,
    30633,
    30634,
    30635,
    30636,
    30637,
    30638,
    30639,
    30640,
    30641,
    30642,
    30643,
    30644,
    30645,
    30646,
    30647,
    30648,
    30649,
    30650,
    30651,
    30652,
    30653,
    30654,
    30655
  },
  ["chamberType"]= 2,
  ["Id"]= 21,
  ["needLevel"]= 56
},
[22] = {
  ["1"]= {
    30701,
    30702,
    30703,
    30704,
    30705,
    30706,
    30707,
    30708,
    30709,
    30710,
    30711,
    30712,
    30713,
    30714,
    30715,
    30716,
    30717,
    30718,
    30719,
    30720,
    30721,
    30722,
    30723,
    30724,
    30725,
    30726,
    30727,
    30728,
    30729,
    30730,
    30731,
    30732,
    30733,
    30734,
    30735,
    30736,
    30737,
    30738,
    30739,
    30740,
    30741,
    30742,
    30743,
    30744,
    30745,
    30746,
    30747,
    30748,
    30749,
    30750,
    30751,
    30752,
    30753,
    30754,
    30755
  },
  ["2"]= {
    30701,
    30702,
    30703,
    30704,
    30705,
    30706,
    30707,
    30708,
    30709,
    30710,
    30711,
    30712,
    30713,
    30714,
    30715,
    30716,
    30717,
    30718,
    30719,
    30720,
    30721,
    30722,
    30723,
    30724,
    30725,
    30726,
    30727,
    30728,
    30729,
    30730,
    30731,
    30732,
    30733,
    30734,
    30735,
    30736,
    30737,
    30738,
    30739,
    30740,
    30741,
    30742,
    30743,
    30744,
    30745,
    30746,
    30747,
    30748,
    30749,
    30750,
    30751,
    30752,
    30753,
    30754,
    30755
  },
  ["3"]= {
    30701,
    30702,
    30703,
    30704,
    30705,
    30706,
    30707,
    30708,
    30709,
    30710,
    30711,
    30712,
    30713,
    30714,
    30715,
    30716,
    30717,
    30718,
    30719,
    30720,
    30721,
    30722,
    30723,
    30724,
    30725,
    30726,
    30727,
    30728,
    30729,
    30730,
    30731,
    30732,
    30733,
    30734,
    30735,
    30736,
    30737,
    30738,
    30739,
    30740,
    30741,
    30742,
    30743,
    30744,
    30745,
    30746,
    30747,
    30748,
    30749,
    30750,
    30751,
    30752,
    30753,
    30754,
    30755
  },
  ["4"]= {
    30701,
    30702,
    30703,
    30704,
    30705,
    30706,
    30707,
    30708,
    30709,
    30710,
    30711,
    30712,
    30713,
    30714,
    30715,
    30716,
    30717,
    30718,
    30719,
    30720,
    30721,
    30722,
    30723,
    30724,
    30725,
    30726,
    30727,
    30728,
    30729,
    30730,
    30731,
    30732,
    30733,
    30734,
    30735,
    30736,
    30737,
    30738,
    30739,
    30740,
    30741,
    30742,
    30743,
    30744,
    30745,
    30746,
    30747,
    30748,
    30749,
    30750,
    30751,
    30752,
    30753,
    30754,
    30755
  },
  ["chamberType"]= 2,
  ["Id"]= 22,
  ["needLevel"]= 61
},
[23] = {
  ["1"]= {
    30801,
    30802,
    30803,
    30804,
    30805,
    30806,
    30807,
    30808,
    30809,
    30810,
    30811,
    30812,
    30813,
    30814,
    30815,
    30816,
    30817,
    30818,
    30819,
    30820,
    30821,
    30822,
    30823,
    30824,
    30825,
    30826,
    30827,
    30828,
    30829,
    30830,
    30831,
    30832,
    30833,
    30834,
    30835,
    30836,
    30837,
    30838,
    30839,
    30840,
    30841,
    30842,
    30843,
    30844,
    30845,
    30846,
    30847,
    30848,
    30849,
    30850,
    30851,
    30852,
    30853,
    30854,
    30855,
    30856,
    30857,
    30858
  },
  ["2"]= {
    30801,
    30802,
    30803,
    30804,
    30805,
    30806,
    30807,
    30808,
    30809,
    30810,
    30811,
    30812,
    30813,
    30814,
    30815,
    30816,
    30817,
    30818,
    30819,
    30820,
    30821,
    30822,
    30823,
    30824,
    30825,
    30826,
    30827,
    30828,
    30829,
    30830,
    30831,
    30832,
    30833,
    30834,
    30835,
    30836,
    30837,
    30838,
    30839,
    30840,
    30841,
    30842,
    30843,
    30844,
    30845,
    30846,
    30847,
    30848,
    30849,
    30850,
    30851,
    30852,
    30853,
    30854,
    30855,
    30856,
    30857,
    30858
  },
  ["3"]= {
    30801,
    30802,
    30803,
    30804,
    30805,
    30806,
    30807,
    30808,
    30809,
    30810,
    30811,
    30812,
    30813,
    30814,
    30815,
    30816,
    30817,
    30818,
    30819,
    30820,
    30821,
    30822,
    30823,
    30824,
    30825,
    30826,
    30827,
    30828,
    30829,
    30830,
    30831,
    30832,
    30833,
    30834,
    30835,
    30836,
    30837,
    30838,
    30839,
    30840,
    30841,
    30842,
    30843,
    30844,
    30845,
    30846,
    30847,
    30848,
    30849,
    30850,
    30851,
    30852,
    30853,
    30854,
    30855,
    30856,
    30857,
    30858
  },
  ["4"]= {
    30801,
    30802,
    30803,
    30804,
    30805,
    30806,
    30807,
    30808,
    30809,
    30810,
    30811,
    30812,
    30813,
    30814,
    30815,
    30816,
    30817,
    30818,
    30819,
    30820,
    30821,
    30822,
    30823,
    30824,
    30825,
    30826,
    30827,
    30828,
    30829,
    30830,
    30831,
    30832,
    30833,
    30834,
    30835,
    30836,
    30837,
    30838,
    30839,
    30840,
    30841,
    30842,
    30843,
    30844,
    30845,
    30846,
    30847,
    30848,
    30849,
    30850,
    30851,
    30852,
    30853,
    30854,
    30855,
    30856,
    30857,
    30858
  },
  ["chamberType"]= 2,
  ["Id"]= 23,
  ["needLevel"]= 66
},
[24] = {
  ["1"]= {
    30901,
    30902,
    30903,
    30904,
    30905,
    30906,
    30907,
    30908,
    30909,
    30910,
    30911,
    30912,
    30913,
    30914,
    30915,
    30916,
    30917,
    30918,
    30919,
    30920,
    30921,
    30922,
    30923,
    30924,
    30925,
    30926,
    30927,
    30928,
    30929,
    30930,
    30931,
    30932,
    30933,
    30934,
    30935,
    30936,
    30937,
    30938,
    30939,
    30940,
    30941,
    30942,
    30943,
    30944,
    30945,
    30946,
    30947,
    30948,
    30949,
    30950,
    30951,
    30952,
    30953,
    30954,
    30955,
    30956,
    30957,
    30958
  },
  ["2"]= {
    30901,
    30902,
    30903,
    30904,
    30905,
    30906,
    30907,
    30908,
    30909,
    30910,
    30911,
    30912,
    30913,
    30914,
    30915,
    30916,
    30917,
    30918,
    30919,
    30920,
    30921,
    30922,
    30923,
    30924,
    30925,
    30926,
    30927,
    30928,
    30929,
    30930,
    30931,
    30932,
    30933,
    30934,
    30935,
    30936,
    30937,
    30938,
    30939,
    30940,
    30941,
    30942,
    30943,
    30944,
    30945,
    30946,
    30947,
    30948,
    30949,
    30950,
    30951,
    30952,
    30953,
    30954,
    30955,
    30956,
    30957,
    30958
  },
  ["3"]= {
    30901,
    30902,
    30903,
    30904,
    30905,
    30906,
    30907,
    30908,
    30909,
    30910,
    30911,
    30912,
    30913,
    30914,
    30915,
    30916,
    30917,
    30918,
    30919,
    30920,
    30921,
    30922,
    30923,
    30924,
    30925,
    30926,
    30927,
    30928,
    30929,
    30930,
    30931,
    30932,
    30933,
    30934,
    30935,
    30936,
    30937,
    30938,
    30939,
    30940,
    30941,
    30942,
    30943,
    30944,
    30945,
    30946,
    30947,
    30948,
    30949,
    30950,
    30951,
    30952,
    30953,
    30954,
    30955,
    30956,
    30957,
    30958
  },
  ["4"]= {
    30901,
    30902,
    30903,
    30904,
    30905,
    30906,
    30907,
    30908,
    30909,
    30910,
    30911,
    30912,
    30913,
    30914,
    30915,
    30916,
    30917,
    30918,
    30919,
    30920,
    30921,
    30922,
    30923,
    30924,
    30925,
    30926,
    30927,
    30928,
    30929,
    30930,
    30931,
    30932,
    30933,
    30934,
    30935,
    30936,
    30937,
    30938,
    30939,
    30940,
    30941,
    30942,
    30943,
    30944,
    30945,
    30946,
    30947,
    30948,
    30949,
    30950,
    30951,
    30952,
    30953,
    30954,
    30955,
    30956,
    30957,
    30958
  },
  ["chamberType"]= 2,
  ["Id"]= 24,
  ["needLevel"]= 71
},
[25] = {
  ["1"]= {
    31001,
    31002,
    31003,
    31004,
    31005,
    31006,
    31007,
    31008,
    31009,
    31010,
    31011,
    31012,
    31013,
    31014,
    31015,
    31016,
    31017,
    31018,
    31019,
    31020,
    31021,
    31022,
    31023,
    31024,
    31025,
    31026,
    31027,
    31028,
    31029,
    31030,
    31031,
    31032,
    31033,
    31034,
    31035,
    31036,
    31037,
    31038,
    31039,
    31040,
    31041,
    31042,
    31043,
    31044,
    31045,
    31046,
    31047,
    31048,
    31049,
    31050
  },
  ["2"]= {
    31001,
    31002,
    31003,
    31004,
    31005,
    31006,
    31007,
    31008,
    31009,
    31010,
    31011,
    31012,
    31013,
    31014,
    31015,
    31016,
    31017,
    31018,
    31019,
    31020,
    31021,
    31022,
    31023,
    31024,
    31025,
    31026,
    31027,
    31028,
    31029,
    31030,
    31031,
    31032,
    31033,
    31034,
    31035,
    31036,
    31037,
    31038,
    31039,
    31040,
    31041,
    31042,
    31043,
    31044,
    31045,
    31046,
    31047,
    31048,
    31049,
    31050
  },
  ["3"]= {
    31001,
    31002,
    31003,
    31004,
    31005,
    31006,
    31007,
    31008,
    31009,
    31010,
    31011,
    31012,
    31013,
    31014,
    31015,
    31016,
    31017,
    31018,
    31019,
    31020,
    31021,
    31022,
    31023,
    31024,
    31025,
    31026,
    31027,
    31028,
    31029,
    31030,
    31031,
    31032,
    31033,
    31034,
    31035,
    31036,
    31037,
    31038,
    31039,
    31040,
    31041,
    31042,
    31043,
    31044,
    31045,
    31046,
    31047,
    31048,
    31049,
    31050
  },
  ["4"]= {
    31001,
    31002,
    31003,
    31004,
    31005,
    31006,
    31007,
    31008,
    31009,
    31010,
    31011,
    31012,
    31013,
    31014,
    31015,
    31016,
    31017,
    31018,
    31019,
    31020,
    31021,
    31022,
    31023,
    31024,
    31025,
    31026,
    31027,
    31028,
    31029,
    31030,
    31031,
    31032,
    31033,
    31034,
    31035,
    31036,
    31037,
    31038,
    31039,
    31040,
    31041,
    31042,
    31043,
    31044,
    31045,
    31046,
    31047,
    31048,
    31049,
    31050
  },
  ["chamberType"]= 2,
  ["Id"]= 25,
  ["needLevel"]= 76
},
[26] = {
  ["chamberType"]= 2,
  ["Id"]= 26,
  ["needLevel"]= 81
},
[27] = {
  ["chamberType"]= 2,
  ["Id"]= 27,
  ["needLevel"]= 86
},
[28] = {
  ["chamberType"]= 2,
  ["Id"]= 28,
  ["needLevel"]= 91
},
[29] = {
  ["1"]= {
    30001,
    30002,
    30003,
    30004,
    30005,
    30006,
    30007,
    30008,
    30009,
    30010,
    30011,
    30012,
    30013,
    30014,
    30015,
    30016,
    30017,
    30018,
    30019,
    30020,
    30021,
    30022,
    30023,
    30024,
    30025,
    30026,
    30027,
    30028,
    30029,
    30030,
    30031,
    30032,
    30033,
    30034,
    30035,
    30036,
    30037,
    30038,
    30039
  },
  ["2"]= {
    30001,
    30002,
    30003,
    30004,
    30005,
    30006,
    30007,
    30008,
    30009,
    30010,
    30011,
    30012,
    30013,
    30014,
    30015,
    30016,
    30017,
    30018,
    30019,
    30020,
    30021,
    30022,
    30023,
    30024,
    30025,
    30026,
    30027,
    30028,
    30029,
    30030,
    30031,
    30032,
    30033,
    30034,
    30035,
    30036,
    30037,
    30038,
    30039
  },
  ["3"]= {
    30001,
    30002,
    30003,
    30004,
    30005,
    30006,
    30007,
    30008,
    30009,
    30010,
    30011,
    30012,
    30013,
    30014,
    30015,
    30016,
    30017,
    30018,
    30019,
    30020,
    30021,
    30022,
    30023,
    30024,
    30025,
    30026,
    30027,
    30028,
    30029,
    30030,
    30031,
    30032,
    30033,
    30034,
    30035,
    30036,
    30037,
    30038,
    30039
  },
  ["4"]= {
    30001,
    30002,
    30003,
    30004,
    30005,
    30006,
    30007,
    30008,
    30009,
    30010,
    30011,
    30012,
    30013,
    30014,
    30015,
    30016,
    30017,
    30018,
    30019,
    30020,
    30021,
    30022,
    30023,
    30024,
    30025,
    30026,
    30027,
    30028,
    30029,
    30030,
    30031,
    30032,
    30033,
    30034,
    30035,
    30036,
    30037,
    30038,
    30039
  },
  ["chamberType"]= 3,
  ["Id"]= 29
},
[30] = {
  ["1"]= {
    30101,
    30102,
    30103,
    30104,
    30105,
    30106,
    30107,
    30108,
    30109,
    30110,
    30111,
    30112,
    30113,
    30114,
    30115,
    30116,
    30117,
    30118,
    30119,
    30120,
    30121,
    30122,
    30123,
    30124,
    30125,
    30126,
    30127,
    30128,
    30129,
    30130,
    30131,
    30132,
    30133,
    30134,
    30135,
    30136,
    30137,
    30138,
    30139
  },
  ["2"]= {
    30101,
    30102,
    30103,
    30104,
    30105,
    30106,
    30107,
    30108,
    30109,
    30110,
    30111,
    30112,
    30113,
    30114,
    30115,
    30116,
    30117,
    30118,
    30119,
    30120,
    30121,
    30122,
    30123,
    30124,
    30125,
    30126,
    30127,
    30128,
    30129,
    30130,
    30131,
    30132,
    30133,
    30134,
    30135,
    30136,
    30137,
    30138,
    30139
  },
  ["3"]= {
    30101,
    30102,
    30103,
    30104,
    30105,
    30106,
    30107,
    30108,
    30109,
    30110,
    30111,
    30112,
    30113,
    30114,
    30115,
    30116,
    30117,
    30118,
    30119,
    30120,
    30121,
    30122,
    30123,
    30124,
    30125,
    30126,
    30127,
    30128,
    30129,
    30130,
    30131,
    30132,
    30133,
    30134,
    30135,
    30136,
    30137,
    30138,
    30139
  },
  ["4"]= {
    30101,
    30102,
    30103,
    30104,
    30105,
    30106,
    30107,
    30108,
    30109,
    30110,
    30111,
    30112,
    30113,
    30114,
    30115,
    30116,
    30117,
    30118,
    30119,
    30120,
    30121,
    30122,
    30123,
    30124,
    30125,
    30126,
    30127,
    30128,
    30129,
    30130,
    30131,
    30132,
    30133,
    30134,
    30135,
    30136,
    30137,
    30138,
    30139
  },
  ["chamberType"]= 3,
  ["Id"]= 30,
  ["needLevel"]= 31
},
[31] = {
  ["1"]= {
    30201,
    30202,
    30203,
    30204,
    30205,
    30206,
    30207,
    30208,
    30209,
    30210,
    30211,
    30212,
    30213,
    30214,
    30215,
    30216,
    30217,
    30218,
    30219,
    30220,
    30221,
    30222,
    30223,
    30224,
    30225,
    30226,
    30227,
    30228,
    30229,
    30230,
    30231,
    30232,
    30233,
    30234,
    30235,
    30236,
    30237,
    30238,
    30239,
    30240,
    30241,
    30242,
    30243,
    30244,
    30245,
    30246,
    30247,
    30248,
    30249,
    30250,
    30251,
    30252,
    30253,
    30254,
    30255,
    30256
  },
  ["2"]= {
    30201,
    30202,
    30203,
    30204,
    30205,
    30206,
    30207,
    30208,
    30209,
    30210,
    30211,
    30212,
    30213,
    30214,
    30215,
    30216,
    30217,
    30218,
    30219,
    30220,
    30221,
    30222,
    30223,
    30224,
    30225,
    30226,
    30227,
    30228,
    30229,
    30230,
    30231,
    30232,
    30233,
    30234,
    30235,
    30236,
    30237,
    30238,
    30239,
    30240,
    30241,
    30242,
    30243,
    30244,
    30245,
    30246,
    30247,
    30248,
    30249,
    30250,
    30251,
    30252,
    30253,
    30254,
    30255,
    30256
  },
  ["3"]= {
    30201,
    30202,
    30203,
    30204,
    30205,
    30206,
    30207,
    30208,
    30209,
    30210,
    30211,
    30212,
    30213,
    30214,
    30215,
    30216,
    30217,
    30218,
    30219,
    30220,
    30221,
    30222,
    30223,
    30224,
    30225,
    30226,
    30227,
    30228,
    30229,
    30230,
    30231,
    30232,
    30233,
    30234,
    30235,
    30236,
    30237,
    30238,
    30239,
    30240,
    30241,
    30242,
    30243,
    30244,
    30245,
    30246,
    30247,
    30248,
    30249,
    30250,
    30251,
    30252,
    30253,
    30254,
    30255,
    30256
  },
  ["4"]= {
    30201,
    30202,
    30203,
    30204,
    30205,
    30206,
    30207,
    30208,
    30209,
    30210,
    30211,
    30212,
    30213,
    30214,
    30215,
    30216,
    30217,
    30218,
    30219,
    30220,
    30221,
    30222,
    30223,
    30224,
    30225,
    30226,
    30227,
    30228,
    30229,
    30230,
    30231,
    30232,
    30233,
    30234,
    30235,
    30236,
    30237,
    30238,
    30239,
    30240,
    30241,
    30242,
    30243,
    30244,
    30245,
    30246,
    30247,
    30248,
    30249,
    30250,
    30251,
    30252,
    30253,
    30254,
    30255,
    30256
  },
  ["chamberType"]= 3,
  ["Id"]= 31,
  ["needLevel"]= 36
},
[32] = {
  ["1"]= {
    30301,
    30302,
    30303,
    30304,
    30305,
    30306,
    30307,
    30308,
    30309,
    30310,
    30311,
    30312,
    30313,
    30314,
    30315,
    30316,
    30317,
    30318,
    30319,
    30320,
    30321,
    30322,
    30323,
    30324,
    30325,
    30326,
    30327,
    30328,
    30329,
    30330,
    30331,
    30332,
    30333,
    30334,
    30335,
    30336,
    30337,
    30338,
    30339,
    30340,
    30341,
    30342,
    30343,
    30344,
    30345,
    30346,
    30347,
    30348,
    30349,
    30350,
    30351,
    30352,
    30353,
    30354,
    30355,
    30356
  },
  ["2"]= {
    30301,
    30302,
    30303,
    30304,
    30305,
    30306,
    30307,
    30308,
    30309,
    30310,
    30311,
    30312,
    30313,
    30314,
    30315,
    30316,
    30317,
    30318,
    30319,
    30320,
    30321,
    30322,
    30323,
    30324,
    30325,
    30326,
    30327,
    30328,
    30329,
    30330,
    30331,
    30332,
    30333,
    30334,
    30335,
    30336,
    30337,
    30338,
    30339,
    30340,
    30341,
    30342,
    30343,
    30344,
    30345,
    30346,
    30347,
    30348,
    30349,
    30350,
    30351,
    30352,
    30353,
    30354,
    30355,
    30356
  },
  ["3"]= {
    30301,
    30302,
    30303,
    30304,
    30305,
    30306,
    30307,
    30308,
    30309,
    30310,
    30311,
    30312,
    30313,
    30314,
    30315,
    30316,
    30317,
    30318,
    30319,
    30320,
    30321,
    30322,
    30323,
    30324,
    30325,
    30326,
    30327,
    30328,
    30329,
    30330,
    30331,
    30332,
    30333,
    30334,
    30335,
    30336,
    30337,
    30338,
    30339,
    30340,
    30341,
    30342,
    30343,
    30344,
    30345,
    30346,
    30347,
    30348,
    30349,
    30350,
    30351,
    30352,
    30353,
    30354,
    30355,
    30356
  },
  ["4"]= {
    30301,
    30302,
    30303,
    30304,
    30305,
    30306,
    30307,
    30308,
    30309,
    30310,
    30311,
    30312,
    30313,
    30314,
    30315,
    30316,
    30317,
    30318,
    30319,
    30320,
    30321,
    30322,
    30323,
    30324,
    30325,
    30326,
    30327,
    30328,
    30329,
    30330,
    30331,
    30332,
    30333,
    30334,
    30335,
    30336,
    30337,
    30338,
    30339,
    30340,
    30341,
    30342,
    30343,
    30344,
    30345,
    30346,
    30347,
    30348,
    30349,
    30350,
    30351,
    30352,
    30353,
    30354,
    30355,
    30356
  },
  ["chamberType"]= 3,
  ["Id"]= 32,
  ["needLevel"]= 41
},
[33] = {
  ["1"]= {
    30401,
    30402,
    30403,
    30404,
    30405,
    30406,
    30407,
    30408,
    30409,
    30410,
    30411,
    30412,
    30413,
    30414,
    30415,
    30416,
    30417,
    30418,
    30419,
    30420,
    30421,
    30422,
    30423,
    30424,
    30425,
    30426,
    30427,
    30428,
    30429,
    30430,
    30431,
    30432,
    30433,
    30434,
    30435,
    30436,
    30437,
    30438,
    30439,
    30440,
    30441,
    30442,
    30443,
    30444,
    30445,
    30446,
    30447,
    30448,
    30449,
    30450,
    30451,
    30452,
    30453,
    30454,
    30455,
    30456
  },
  ["2"]= {
    30401,
    30402,
    30403,
    30404,
    30405,
    30406,
    30407,
    30408,
    30409,
    30410,
    30411,
    30412,
    30413,
    30414,
    30415,
    30416,
    30417,
    30418,
    30419,
    30420,
    30421,
    30422,
    30423,
    30424,
    30425,
    30426,
    30427,
    30428,
    30429,
    30430,
    30431,
    30432,
    30433,
    30434,
    30435,
    30436,
    30437,
    30438,
    30439,
    30440,
    30441,
    30442,
    30443,
    30444,
    30445,
    30446,
    30447,
    30448,
    30449,
    30450,
    30451,
    30452,
    30453,
    30454,
    30455,
    30456
  },
  ["3"]= {
    30401,
    30402,
    30403,
    30404,
    30405,
    30406,
    30407,
    30408,
    30409,
    30410,
    30411,
    30412,
    30413,
    30414,
    30415,
    30416,
    30417,
    30418,
    30419,
    30420,
    30421,
    30422,
    30423,
    30424,
    30425,
    30426,
    30427,
    30428,
    30429,
    30430,
    30431,
    30432,
    30433,
    30434,
    30435,
    30436,
    30437,
    30438,
    30439,
    30440,
    30441,
    30442,
    30443,
    30444,
    30445,
    30446,
    30447,
    30448,
    30449,
    30450,
    30451,
    30452,
    30453,
    30454,
    30455,
    30456
  },
  ["4"]= {
    30401,
    30402,
    30403,
    30404,
    30405,
    30406,
    30407,
    30408,
    30409,
    30410,
    30411,
    30412,
    30413,
    30414,
    30415,
    30416,
    30417,
    30418,
    30419,
    30420,
    30421,
    30422,
    30423,
    30424,
    30425,
    30426,
    30427,
    30428,
    30429,
    30430,
    30431,
    30432,
    30433,
    30434,
    30435,
    30436,
    30437,
    30438,
    30439,
    30440,
    30441,
    30442,
    30443,
    30444,
    30445,
    30446,
    30447,
    30448,
    30449,
    30450,
    30451,
    30452,
    30453,
    30454,
    30455,
    30456
  },
  ["chamberType"]= 3,
  ["Id"]= 33,
  ["needLevel"]= 46
},
[34] = {
  ["1"]= {
    30501,
    30502,
    30503,
    30504,
    30505,
    30506,
    30507,
    30508,
    30509,
    30510,
    30511,
    30512,
    30513,
    30514,
    30515,
    30516,
    30517,
    30518,
    30519,
    30520,
    30521,
    30522,
    30523,
    30524,
    30525,
    30526,
    30527,
    30528,
    30529,
    30530,
    30531,
    30532,
    30533,
    30534,
    30535,
    30536,
    30537,
    30538,
    30539,
    30540,
    30541,
    30542,
    30543,
    30544,
    30545,
    30546,
    30547,
    30548,
    30549,
    30550,
    30551,
    30552,
    30553,
    30554,
    30555,
    30556
  },
  ["2"]= {
    30501,
    30502,
    30503,
    30504,
    30505,
    30506,
    30507,
    30508,
    30509,
    30510,
    30511,
    30512,
    30513,
    30514,
    30515,
    30516,
    30517,
    30518,
    30519,
    30520,
    30521,
    30522,
    30523,
    30524,
    30525,
    30526,
    30527,
    30528,
    30529,
    30530,
    30531,
    30532,
    30533,
    30534,
    30535,
    30536,
    30537,
    30538,
    30539,
    30540,
    30541,
    30542,
    30543,
    30544,
    30545,
    30546,
    30547,
    30548,
    30549,
    30550,
    30551,
    30552,
    30553,
    30554,
    30555,
    30556
  },
  ["3"]= {
    30501,
    30502,
    30503,
    30504,
    30505,
    30506,
    30507,
    30508,
    30509,
    30510,
    30511,
    30512,
    30513,
    30514,
    30515,
    30516,
    30517,
    30518,
    30519,
    30520,
    30521,
    30522,
    30523,
    30524,
    30525,
    30526,
    30527,
    30528,
    30529,
    30530,
    30531,
    30532,
    30533,
    30534,
    30535,
    30536,
    30537,
    30538,
    30539,
    30540,
    30541,
    30542,
    30543,
    30544,
    30545,
    30546,
    30547,
    30548,
    30549,
    30550,
    30551,
    30552,
    30553,
    30554,
    30555,
    30556
  },
  ["4"]= {
    30501,
    30502,
    30503,
    30504,
    30505,
    30506,
    30507,
    30508,
    30509,
    30510,
    30511,
    30512,
    30513,
    30514,
    30515,
    30516,
    30517,
    30518,
    30519,
    30520,
    30521,
    30522,
    30523,
    30524,
    30525,
    30526,
    30527,
    30528,
    30529,
    30530,
    30531,
    30532,
    30533,
    30534,
    30535,
    30536,
    30537,
    30538,
    30539,
    30540,
    30541,
    30542,
    30543,
    30544,
    30545,
    30546,
    30547,
    30548,
    30549,
    30550,
    30551,
    30552,
    30553,
    30554,
    30555,
    30556
  },
  ["chamberType"]= 3,
  ["Id"]= 34,
  ["needLevel"]= 51
},
[35] = {
  ["1"]= {
    30601,
    30602,
    30603,
    30604,
    30605,
    30606,
    30607,
    30608,
    30609,
    30610,
    30611,
    30612,
    30613,
    30614,
    30615,
    30616,
    30617,
    30618,
    30619,
    30620,
    30621,
    30622,
    30623,
    30624,
    30625,
    30626,
    30627,
    30628,
    30629,
    30630,
    30631,
    30632,
    30633,
    30634,
    30635,
    30636,
    30637,
    30638,
    30639,
    30640,
    30641,
    30642,
    30643,
    30644,
    30645,
    30646,
    30647,
    30648,
    30649,
    30650,
    30651,
    30652,
    30653,
    30654,
    30655
  },
  ["2"]= {
    30601,
    30602,
    30603,
    30604,
    30605,
    30606,
    30607,
    30608,
    30609,
    30610,
    30611,
    30612,
    30613,
    30614,
    30615,
    30616,
    30617,
    30618,
    30619,
    30620,
    30621,
    30622,
    30623,
    30624,
    30625,
    30626,
    30627,
    30628,
    30629,
    30630,
    30631,
    30632,
    30633,
    30634,
    30635,
    30636,
    30637,
    30638,
    30639,
    30640,
    30641,
    30642,
    30643,
    30644,
    30645,
    30646,
    30647,
    30648,
    30649,
    30650,
    30651,
    30652,
    30653,
    30654,
    30655
  },
  ["3"]= {
    30601,
    30602,
    30603,
    30604,
    30605,
    30606,
    30607,
    30608,
    30609,
    30610,
    30611,
    30612,
    30613,
    30614,
    30615,
    30616,
    30617,
    30618,
    30619,
    30620,
    30621,
    30622,
    30623,
    30624,
    30625,
    30626,
    30627,
    30628,
    30629,
    30630,
    30631,
    30632,
    30633,
    30634,
    30635,
    30636,
    30637,
    30638,
    30639,
    30640,
    30641,
    30642,
    30643,
    30644,
    30645,
    30646,
    30647,
    30648,
    30649,
    30650,
    30651,
    30652,
    30653,
    30654,
    30655
  },
  ["4"]= {
    30601,
    30602,
    30603,
    30604,
    30605,
    30606,
    30607,
    30608,
    30609,
    30610,
    30611,
    30612,
    30613,
    30614,
    30615,
    30616,
    30617,
    30618,
    30619,
    30620,
    30621,
    30622,
    30623,
    30624,
    30625,
    30626,
    30627,
    30628,
    30629,
    30630,
    30631,
    30632,
    30633,
    30634,
    30635,
    30636,
    30637,
    30638,
    30639,
    30640,
    30641,
    30642,
    30643,
    30644,
    30645,
    30646,
    30647,
    30648,
    30649,
    30650,
    30651,
    30652,
    30653,
    30654,
    30655
  },
  ["chamberType"]= 3,
  ["Id"]= 35,
  ["needLevel"]= 56
},
[36] = {
  ["1"]= {
    30701,
    30702,
    30703,
    30704,
    30705,
    30706,
    30707,
    30708,
    30709,
    30710,
    30711,
    30712,
    30713,
    30714,
    30715,
    30716,
    30717,
    30718,
    30719,
    30720,
    30721,
    30722,
    30723,
    30724,
    30725,
    30726,
    30727,
    30728,
    30729,
    30730,
    30731,
    30732,
    30733,
    30734,
    30735,
    30736,
    30737,
    30738,
    30739,
    30740,
    30741,
    30742,
    30743,
    30744,
    30745,
    30746,
    30747,
    30748,
    30749,
    30750,
    30751,
    30752,
    30753,
    30754,
    30755
  },
  ["2"]= {
    30701,
    30702,
    30703,
    30704,
    30705,
    30706,
    30707,
    30708,
    30709,
    30710,
    30711,
    30712,
    30713,
    30714,
    30715,
    30716,
    30717,
    30718,
    30719,
    30720,
    30721,
    30722,
    30723,
    30724,
    30725,
    30726,
    30727,
    30728,
    30729,
    30730,
    30731,
    30732,
    30733,
    30734,
    30735,
    30736,
    30737,
    30738,
    30739,
    30740,
    30741,
    30742,
    30743,
    30744,
    30745,
    30746,
    30747,
    30748,
    30749,
    30750,
    30751,
    30752,
    30753,
    30754,
    30755
  },
  ["3"]= {
    30701,
    30702,
    30703,
    30704,
    30705,
    30706,
    30707,
    30708,
    30709,
    30710,
    30711,
    30712,
    30713,
    30714,
    30715,
    30716,
    30717,
    30718,
    30719,
    30720,
    30721,
    30722,
    30723,
    30724,
    30725,
    30726,
    30727,
    30728,
    30729,
    30730,
    30731,
    30732,
    30733,
    30734,
    30735,
    30736,
    30737,
    30738,
    30739,
    30740,
    30741,
    30742,
    30743,
    30744,
    30745,
    30746,
    30747,
    30748,
    30749,
    30750,
    30751,
    30752,
    30753,
    30754,
    30755
  },
  ["4"]= {
    30701,
    30702,
    30703,
    30704,
    30705,
    30706,
    30707,
    30708,
    30709,
    30710,
    30711,
    30712,
    30713,
    30714,
    30715,
    30716,
    30717,
    30718,
    30719,
    30720,
    30721,
    30722,
    30723,
    30724,
    30725,
    30726,
    30727,
    30728,
    30729,
    30730,
    30731,
    30732,
    30733,
    30734,
    30735,
    30736,
    30737,
    30738,
    30739,
    30740,
    30741,
    30742,
    30743,
    30744,
    30745,
    30746,
    30747,
    30748,
    30749,
    30750,
    30751,
    30752,
    30753,
    30754,
    30755
  },
  ["chamberType"]= 3,
  ["Id"]= 36,
  ["needLevel"]= 61
},
[37] = {
  ["1"]= {
    30801,
    30802,
    30803,
    30804,
    30805,
    30806,
    30807,
    30808,
    30809,
    30810,
    30811,
    30812,
    30813,
    30814,
    30815,
    30816,
    30817,
    30818,
    30819,
    30820,
    30821,
    30822,
    30823,
    30824,
    30825,
    30826,
    30827,
    30828,
    30829,
    30830,
    30831,
    30832,
    30833,
    30834,
    30835,
    30836,
    30837,
    30838,
    30839,
    30840,
    30841,
    30842,
    30843,
    30844,
    30845,
    30846,
    30847,
    30848,
    30849,
    30850,
    30851,
    30852,
    30853,
    30854,
    30855,
    30856,
    30857,
    30858
  },
  ["2"]= {
    30801,
    30802,
    30803,
    30804,
    30805,
    30806,
    30807,
    30808,
    30809,
    30810,
    30811,
    30812,
    30813,
    30814,
    30815,
    30816,
    30817,
    30818,
    30819,
    30820,
    30821,
    30822,
    30823,
    30824,
    30825,
    30826,
    30827,
    30828,
    30829,
    30830,
    30831,
    30832,
    30833,
    30834,
    30835,
    30836,
    30837,
    30838,
    30839,
    30840,
    30841,
    30842,
    30843,
    30844,
    30845,
    30846,
    30847,
    30848,
    30849,
    30850,
    30851,
    30852,
    30853,
    30854,
    30855,
    30856,
    30857,
    30858
  },
  ["3"]= {
    30801,
    30802,
    30803,
    30804,
    30805,
    30806,
    30807,
    30808,
    30809,
    30810,
    30811,
    30812,
    30813,
    30814,
    30815,
    30816,
    30817,
    30818,
    30819,
    30820,
    30821,
    30822,
    30823,
    30824,
    30825,
    30826,
    30827,
    30828,
    30829,
    30830,
    30831,
    30832,
    30833,
    30834,
    30835,
    30836,
    30837,
    30838,
    30839,
    30840,
    30841,
    30842,
    30843,
    30844,
    30845,
    30846,
    30847,
    30848,
    30849,
    30850,
    30851,
    30852,
    30853,
    30854,
    30855,
    30856,
    30857,
    30858
  },
  ["4"]= {
    30801,
    30802,
    30803,
    30804,
    30805,
    30806,
    30807,
    30808,
    30809,
    30810,
    30811,
    30812,
    30813,
    30814,
    30815,
    30816,
    30817,
    30818,
    30819,
    30820,
    30821,
    30822,
    30823,
    30824,
    30825,
    30826,
    30827,
    30828,
    30829,
    30830,
    30831,
    30832,
    30833,
    30834,
    30835,
    30836,
    30837,
    30838,
    30839,
    30840,
    30841,
    30842,
    30843,
    30844,
    30845,
    30846,
    30847,
    30848,
    30849,
    30850,
    30851,
    30852,
    30853,
    30854,
    30855,
    30856,
    30857,
    30858
  },
  ["chamberType"]= 3,
  ["Id"]= 37,
  ["needLevel"]= 66
},
[38] = {
  ["1"]= {
    30901,
    30902,
    30903,
    30904,
    30905,
    30906,
    30907,
    30908,
    30909,
    30910,
    30911,
    30912,
    30913,
    30914,
    30915,
    30916,
    30917,
    30918,
    30919,
    30920,
    30921,
    30922,
    30923,
    30924,
    30925,
    30926,
    30927,
    30928,
    30929,
    30930,
    30931,
    30932,
    30933,
    30934,
    30935,
    30936,
    30937,
    30938,
    30939,
    30940,
    30941,
    30942,
    30943,
    30944,
    30945,
    30946,
    30947,
    30948,
    30949,
    30950,
    30951,
    30952,
    30953,
    30954,
    30955,
    30956,
    30957,
    30958
  },
  ["2"]= {
    30901,
    30902,
    30903,
    30904,
    30905,
    30906,
    30907,
    30908,
    30909,
    30910,
    30911,
    30912,
    30913,
    30914,
    30915,
    30916,
    30917,
    30918,
    30919,
    30920,
    30921,
    30922,
    30923,
    30924,
    30925,
    30926,
    30927,
    30928,
    30929,
    30930,
    30931,
    30932,
    30933,
    30934,
    30935,
    30936,
    30937,
    30938,
    30939,
    30940,
    30941,
    30942,
    30943,
    30944,
    30945,
    30946,
    30947,
    30948,
    30949,
    30950,
    30951,
    30952,
    30953,
    30954,
    30955,
    30956,
    30957,
    30958
  },
  ["3"]= {
    30901,
    30902,
    30903,
    30904,
    30905,
    30906,
    30907,
    30908,
    30909,
    30910,
    30911,
    30912,
    30913,
    30914,
    30915,
    30916,
    30917,
    30918,
    30919,
    30920,
    30921,
    30922,
    30923,
    30924,
    30925,
    30926,
    30927,
    30928,
    30929,
    30930,
    30931,
    30932,
    30933,
    30934,
    30935,
    30936,
    30937,
    30938,
    30939,
    30940,
    30941,
    30942,
    30943,
    30944,
    30945,
    30946,
    30947,
    30948,
    30949,
    30950,
    30951,
    30952,
    30953,
    30954,
    30955,
    30956,
    30957,
    30958
  },
  ["4"]= {
    30901,
    30902,
    30903,
    30904,
    30905,
    30906,
    30907,
    30908,
    30909,
    30910,
    30911,
    30912,
    30913,
    30914,
    30915,
    30916,
    30917,
    30918,
    30919,
    30920,
    30921,
    30922,
    30923,
    30924,
    30925,
    30926,
    30927,
    30928,
    30929,
    30930,
    30931,
    30932,
    30933,
    30934,
    30935,
    30936,
    30937,
    30938,
    30939,
    30940,
    30941,
    30942,
    30943,
    30944,
    30945,
    30946,
    30947,
    30948,
    30949,
    30950,
    30951,
    30952,
    30953,
    30954,
    30955,
    30956,
    30957,
    30958
  },
  ["chamberType"]= 3,
  ["Id"]= 38,
  ["needLevel"]= 71
},
[39] = {
  ["1"]= {
    31001,
    31002,
    31003,
    31004,
    31005,
    31006,
    31007,
    31008,
    31009,
    31010,
    31011,
    31012,
    31013,
    31014,
    31015,
    31016,
    31017,
    31018,
    31019,
    31020,
    31021,
    31022,
    31023,
    31024,
    31025,
    31026,
    31027,
    31028,
    31029,
    31030,
    31031,
    31032,
    31033,
    31034,
    31035,
    31036,
    31037,
    31038,
    31039,
    31040,
    31041,
    31042,
    31043,
    31044,
    31045,
    31046,
    31047,
    31048,
    31049,
    31050
  },
  ["2"]= {
    31001,
    31002,
    31003,
    31004,
    31005,
    31006,
    31007,
    31008,
    31009,
    31010,
    31011,
    31012,
    31013,
    31014,
    31015,
    31016,
    31017,
    31018,
    31019,
    31020,
    31021,
    31022,
    31023,
    31024,
    31025,
    31026,
    31027,
    31028,
    31029,
    31030,
    31031,
    31032,
    31033,
    31034,
    31035,
    31036,
    31037,
    31038,
    31039,
    31040,
    31041,
    31042,
    31043,
    31044,
    31045,
    31046,
    31047,
    31048,
    31049,
    31050
  },
  ["3"]= {
    31001,
    31002,
    31003,
    31004,
    31005,
    31006,
    31007,
    31008,
    31009,
    31010,
    31011,
    31012,
    31013,
    31014,
    31015,
    31016,
    31017,
    31018,
    31019,
    31020,
    31021,
    31022,
    31023,
    31024,
    31025,
    31026,
    31027,
    31028,
    31029,
    31030,
    31031,
    31032,
    31033,
    31034,
    31035,
    31036,
    31037,
    31038,
    31039,
    31040,
    31041,
    31042,
    31043,
    31044,
    31045,
    31046,
    31047,
    31048,
    31049,
    31050
  },
  ["4"]= {
    31001,
    31002,
    31003,
    31004,
    31005,
    31006,
    31007,
    31008,
    31009,
    31010,
    31011,
    31012,
    31013,
    31014,
    31015,
    31016,
    31017,
    31018,
    31019,
    31020,
    31021,
    31022,
    31023,
    31024,
    31025,
    31026,
    31027,
    31028,
    31029,
    31030,
    31031,
    31032,
    31033,
    31034,
    31035,
    31036,
    31037,
    31038,
    31039,
    31040,
    31041,
    31042,
    31043,
    31044,
    31045,
    31046,
    31047,
    31048,
    31049,
    31050
  },
  ["chamberType"]= 3,
  ["Id"]= 39,
  ["needLevel"]= 76
},
[40] = {
  ["chamberType"]= 3,
  ["Id"]= 40,
  ["needLevel"]= 81
},
[41] = {
  ["chamberType"]= 3,
  ["Id"]= 41,
  ["needLevel"]= 86
},
[42] = {
  ["chamberType"]= 3,
  ["Id"]= 42,
  ["needLevel"]= 91
}
}
local baseTable={
  ["1"]= {
    31101,
    31102,
    31103,
    31104,
    31105,
    31106,
    31107,
    31108,
    31109,
    31110,
    31111,
    31112,
    31113,
    31114,
    31115,
    31116,
    31117,
    31118,
    31119,
    31120,
    31121,
    31122,
    31123,
    31124,
    31125,
    31126,
    31127,
    31128,
    31129,
    31130,
    31131,
    31132,
    31133,
    31134,
    31135,
    31136,
    31137,
    31138,
    31139,
    31140,
    31141,
    31142,
    31143,
    31144,
    31145,
    31146,
    31147,
    31148,
    31149,
    31150,
    31151,
    31152,
    31153
  },
  ["2"]= {
    31101,
    31102,
    31103,
    31104,
    31105,
    31106,
    31107,
    31108,
    31109,
    31110,
    31111,
    31112,
    31113,
    31114,
    31115,
    31116,
    31117,
    31118,
    31119,
    31120,
    31121,
    31122,
    31123,
    31124,
    31125,
    31126,
    31127,
    31128,
    31129,
    31130,
    31131,
    31132,
    31133,
    31134,
    31135,
    31136,
    31137,
    31138,
    31139,
    31140,
    31141,
    31142,
    31143,
    31144,
    31145,
    31146,
    31147,
    31148,
    31149,
    31150,
    31151,
    31152,
    31153
  },
  ["3"]= {
    31101,
    31102,
    31103,
    31104,
    31105,
    31106,
    31107,
    31108,
    31109,
    31110,
    31111,
    31112,
    31113,
    31114,
    31115,
    31116,
    31117,
    31118,
    31119,
    31120,
    31121,
    31122,
    31123,
    31124,
    31125,
    31126,
    31127,
    31128,
    31129,
    31130,
    31131,
    31132,
    31133,
    31134,
    31135,
    31136,
    31137,
    31138,
    31139,
    31140,
    31141,
    31142,
    31143,
    31144,
    31145,
    31146,
    31147,
    31148,
    31149,
    31150,
    31151,
    31152,
    31153
  },
  ["4"]= {
    31101,
    31102,
    31103,
    31104,
    31105,
    31106,
    31107,
    31108,
    31109,
    31110,
    31111,
    31112,
    31113,
    31114,
    31115,
    31116,
    31117,
    31118,
    31119,
    31120,
    31121,
    31122,
    31123,
    31124,
    31125,
    31126,
    31127,
    31128,
    31129,
    31130,
    31131,
    31132,
    31133,
    31134,
    31135,
    31136,
    31137,
    31138,
    31139,
    31140,
    31141,
    31142,
    31143,
    31144,
    31145,
    31146,
    31147,
    31148,
    31149,
    31150,
    31151,
    31152,
    31153
  },
  ["chamberType"]= 1,
  ["Id"]= 1,
  ["needLevel"]= 1
}
for _,v in pairs(table) do
  setmetatable(v,{__index  = baseTable});
end
return table;"
